T(K)    B(T)     M(muB)
1.8	0	-0.0021
1.8	0.14141	0.14351
1.8	0.28283	0.29094
1.8	0.42424	0.42648
1.8	0.56566	0.54947
1.8	0.70707	0.66028
1.8	0.84848	0.7609
1.8	0.9899	0.85295
1.8	1.13131	0.93763
1.8	1.27273	1.01618
1.8	1.41414	1.08859
1.8	1.55556	1.15559
1.8	1.69697	1.21696
1.8	1.83838	1.27323
1.8	1.9798	1.3248
1.8	2.12121	1.37149
1.8	2.26263	1.41358
1.8	2.40404	1.45151
1.8	2.54545	1.48553
1.8	2.68687	1.51717
1.8	2.82828	1.54989
1.8	2.9697	1.56732
1.8	3.11111	1.58904
1.8	3.25253	1.60843
1.8	3.39394	1.62542
1.8	3.53535	1.64098
1.8	3.67677	1.65478
1.8	3.81818	1.66716
1.8	3.9596	1.67846
1.8	4.10101	1.68857
1.8	4.24242	1.69785
1.8	4.38384	1.70613
1.8	4.52525	1.71373
1.8	4.66667	1.72068
1.8	4.80808	1.72705
1.8	4.94949	1.73301
1.8	5.09091	1.73833
1.8	5.23232	1.74336
1.8	5.37374	1.74807
1.8	5.51515	1.75228
1.8	5.65657	1.75636
1.8	5.79798	1.76016
1.8	5.93939	1.76508
1.8	6.08081	1.76736
1.8	6.22222	1.77047
1.8	6.36364	1.77341
1.8	6.50505	1.77628
1.8	6.64646	1.77881
1.8	6.78788	1.78129
1.8	6.92929	1.7838
1.8	7.07071	1.78607
1.8	7.21212	1.78815
1.8	7.35354	1.79029
1.8	7.49495	1.79228
1.8	7.63636	1.79416
1.8	7.77778	1.79589
1.8	7.91919	1.79773
1.8	8.06061	1.79959
1.8	8.20202	1.80112
1.8	8.34343	1.80285
1.8	8.48485	1.8044
1.8	8.62626	1.80573
1.8	8.76768	1.80736
1.8	8.90909	1.80881
1.8	9.05051	1.80993
1.8	9.19192	1.81124
1.8	9.33333	1.81261
1.8	9.47475	1.81389
1.8	9.61616	1.81531
1.8	9.75758	1.8165
1.8	9.89899	1.81766
1.8	10.0404	1.81889
1.8	10.18182	1.82015
1.8	10.32323	1.82128
1.8	10.46465	1.82234
1.8	10.60606	1.8234
1.8	10.74747	1.8245
1.8	10.88889	1.82576
1.8	11.0303	1.82679
1.8	11.17172	1.82777
1.8	11.31313	1.82879
1.8	11.45455	1.82968
1.8	11.59596	1.8307
1.8	11.73737	1.83176
1.8	11.87879	1.83266
1.8	12.0202	1.83361
1.8	12.16162	1.83627
1.8	12.30303	1.83666
1.8	12.44444	1.83752
1.8	12.58586	1.83851
1.8	12.72727	1.83933
1.8	12.86869	1.84042
1.8	13.0101	1.84133
1.8	13.15152	1.84211
1.8	13.29293	1.84302
1.8	13.43434	1.84401
1.8	13.57576	1.84483
1.8	13.71717	1.84572
1.8	13.85859	1.84639
1.8	14	1.84732

5	0	-0.00124
5	0.14141	0.05568
5	0.28283	0.1167
5	0.42424	0.17734
5	0.56566	0.23721
5	0.70707	0.29668
5	0.84848	0.35521
5	0.9899	0.41281
5	1.13131	0.46943
5	1.27273	0.52518
5	1.41414	0.58322
5	1.55556	0.633
5	1.69697	0.68492
5	1.83838	0.73559
5	1.9798	0.78483
5	2.12121	0.83275
5	2.26263	0.87877
5	2.40404	0.92394
5	2.54545	0.96724
5	2.68687	1.00882
5	2.82828	1.04975
5	2.9697	1.09235
5	3.11111	1.1249
5	3.25253	1.16046
5	3.39394	1.19435
5	3.53535	1.22697
5	3.67677	1.25801
5	3.81818	1.28776
5	3.9596	1.31595
5	4.10101	1.34284
5	4.24242	1.36843
5	4.38384	1.39291
5	4.52525	1.41592
5	4.66667	1.43796
5	4.80808	1.45871
5	4.94949	1.47852
5	5.09091	1.4973
5	5.23232	1.51509
5	5.37374	1.53194
5	5.51515	1.54798
5	5.65657	1.563
5	5.79798	1.57736
5	5.93939	1.59075
5	6.08081	1.60594
5	6.22222	1.61594
5	6.36364	1.6275
5	6.50505	1.63814
5	6.64646	1.64858
5	6.78788	1.65836
5	6.92929	1.66756
5	7.07071	1.67635
5	7.21212	1.68472
5	7.35354	1.69252
5	7.49495	1.69998
5	7.63636	1.70708
5	7.77778	1.71378
5	7.91919	1.72007
5	8.06061	1.72612
5	8.20202	1.73184
5	8.34343	1.73747
5	8.48485	1.7427
5	8.62626	1.74751
5	8.76768	1.75222
5	8.90909	1.75673
5	9.05051	1.76102
5	9.19192	1.76607
5	9.33333	1.76895
5	9.47475	1.77268
5	9.61616	1.77619
5	9.75758	1.77953
5	9.89899	1.78281
5	10.0404	1.78595
5	10.18182	1.78889
5	10.32323	1.79176
5	10.46465	1.79458
5	10.60606	1.79706
5	10.74747	1.79966
5	10.88889	1.8022
5	11.0303	1.80453
5	11.17172	1.80666
5	11.31313	1.80877
5	11.45455	1.81105
5	11.59596	1.81305
5	11.73737	1.81502
5	11.87879	1.81687
5	12.0202	1.81871
5	12.16162	1.82042
5	12.30303	1.82301
5	12.44444	1.8242
5	12.58586	1.82563
5	12.72727	1.82728
5	12.86869	1.82888
5	13.0101	1.83032
5	13.15152	1.83172
5	13.29293	1.83331
5	13.43434	1.83459
5	13.57576	1.83588
5	13.71717	1.8373
5	13.85859	1.83856
5	14	1.83974

10	0	0
10	0.14141	0.02951
10	0.28283	0.06265
10	0.42424	0.09433
10	0.56566	0.12653
10	0.70707	0.1585
10	0.84848	0.1902
10	0.9899	0.22195
10	1.13131	0.25336
10	1.27273	0.28478
10	1.41414	0.31573
10	1.55556	0.34678
10	1.69697	0.37739
10	1.83838	0.40778
10	1.9798	0.43808
10	2.12121	0.46803
10	2.26263	0.49761
10	2.40404	0.52694
10	2.54545	0.55601
10	2.68687	0.58443
10	2.82828	0.61353
10	2.9697	0.64469
10	3.11111	0.66874
10	3.25253	0.69599
10	3.39394	0.72294
10	3.53535	0.74953
10	3.67677	0.7755
10	3.81818	0.80109
10	3.9596	0.82645
10	4.10101	0.8513
10	4.24242	0.8758
10	4.38384	0.89974
10	4.52525	0.92347
10	4.66667	0.94668
10	4.80808	0.96937
10	4.94949	0.99163
10	5.09091	1.01358
10	5.23232	1.0351
10	5.37374	1.05597
10	5.51515	1.07657
10	5.65657	1.09677
10	5.79798	1.11662
10	5.93939	1.13595
10	6.08081	1.15821
10	6.22222	1.17344
10	6.36364	1.19145
10	6.50505	1.20911
10	6.64646	1.22643
10	6.78788	1.24321
10	6.92929	1.25963
10	7.07071	1.27598
10	7.21212	1.2915
10	7.35354	1.30689
10	7.49495	1.32197
10	7.63636	1.33652
10	7.77778	1.35074
10	7.91919	1.36465
10	8.06061	1.37828
10	8.20202	1.39151
10	8.34343	1.40438
10	8.48485	1.41679
10	8.62626	1.42908
10	8.76768	1.44104
10	8.90909	1.45267
10	9.05051	1.46408
10	9.19192	1.47795
10	9.33333	1.48588
10	9.47475	1.49649
10	9.61616	1.50656
10	9.75758	1.51657
10	9.89899	1.52629
10	10.0404	1.53566
10	10.18182	1.54493
10	10.32323	1.55366
10	10.46465	1.56253
10	10.60606	1.57106
10	10.74747	1.57918
10	10.88889	1.58732
10	11.0303	1.59518
10	11.17172	1.60287
10	11.31313	1.61003
10	11.45455	1.61741
10	11.59596	1.62446
10	11.73737	1.63134
10	11.87879	1.63794
10	12.0202	1.64454
10	12.16162	1.65075
10	12.30303	1.65918
10	12.44444	1.66317
10	12.58586	1.66917
10	12.72727	1.67497
10	12.86869	1.68044
10	13.0101	1.68592
10	13.15152	1.69132
10	13.29293	1.69636
10	13.43434	1.70159
10	13.57576	1.70624
10	13.71717	1.71098
10	13.85859	1.71585
10	14	1.72044
40	0	-1.12406E-4
40	0.14141	0.00815
40	0.28283	0.01706
40	0.42424	0.02602
40	0.56566	0.03489
40	0.70707	0.04377
40	0.84848	0.0526
40	0.9899	0.06133
40	1.13131	0.07024
40	1.27273	0.07902
40	1.41414	0.08784
40	1.55556	0.09659
40	1.69697	0.1054
40	1.83838	0.11416
40	1.9798	0.12293
40	2.12121	0.13166
40	2.26263	0.14044
40	2.40404	0.14917
40	2.54545	0.1579
40	2.68687	0.16662
40	2.82828	0.17595
40	2.9697	0.18619
40	3.11111	0.19272
40	3.25253	0.20142
40	3.39394	0.2101
40	3.53535	0.21878
40	3.67677	0.22742
40	3.81818	0.23605
40	3.9596	0.24467
40	4.10101	0.2533
40	4.24242	0.26189
40	4.38384	0.27048
40	4.52525	0.27907
40	4.66667	0.28764
40	4.80808	0.29617
40	4.94949	0.30475
40	5.09091	0.31325
40	5.23232	0.32175
40	5.37374	0.33022
40	5.51515	0.33875
40	5.65657	0.34719
40	5.79798	0.35565
40	5.93939	0.36419
40	6.08081	0.37368
40	6.22222	0.38094
40	6.36364	0.38931
40	6.50505	0.39766
40	6.64646	0.40607
40	6.78788	0.41444
40	6.92929	0.42275
40	7.07071	0.43108
40	7.21212	0.43932
40	7.35354	0.44763
40	7.49495	0.45584
40	7.63636	0.46414
40	7.77778	0.47238
40	7.91919	0.48059
40	8.06061	0.48877
40	8.20202	0.49692
40	8.34343	0.50504
40	8.48485	0.51317
40	8.62626	0.5213
40	8.76768	0.52942
40	8.90909	0.53745
40	9.05051	0.54547
40	9.19192	0.5554
40	9.33333	0.5624
40	9.47475	0.56962
40	9.61616	0.57759
40	9.75758	0.58551
40	9.89899	0.59347
40	10.0404	0.60136
40	10.18182	0.60917
40	10.32323	0.61706
40	10.46465	0.62486
40	10.60606	0.63268
40	10.74747	0.64048
40	10.88889	0.64821
40	11.0303	0.65595
40	11.17172	0.66367
40	11.31313	0.67138
40	11.45455	0.67903
40	11.59596	0.68665
40	11.73737	0.69417
40	11.87879	0.70195
40	12.0202	0.70941
40	12.16162	0.71701
40	12.30303	0.72681
40	12.44444	0.73209
40	12.58586	0.73957
40	12.72727	0.74701
40	12.86869	0.75445
40	13.0101	0.76183
40	13.15152	0.76923
40	13.29293	0.77659
40	13.43434	0.78389
40	13.57576	0.79111
40	13.71717	0.79839
40	13.85859	0.8055
40	14	0.81278
