T(K)    B(T)     M(muB)
1.8   3.82227E-5	-0.00508
1.8   0.00144	-4.19218E-4
1.8   0.00572	0.01553
1.8   0.01283	0.04204
1.8   0.02286	0.07895
1.8   0.03569	0.12622
1.8   0.05145	0.18342
1.8   0.07004	0.25092
1.8   0.09148	0.32741
1.8   0.11576	0.41403
1.8   0.14288	0.50685
1.8   0.17287	0.6095
1.8   0.20573	0.71995
1.8   0.24143	0.83997
1.8   0.28001	0.95776
1.8   0.32144	1.08425
1.8   0.36573	1.20723
1.8   0.41285	1.33808
1.8   0.46286	1.46241
1.8   0.51569	1.59373
1.8   0.57142	1.72187
1.8   0.62994	1.85644
1.8   0.6914	1.98228
1.8   0.75567	2.11388
1.8   0.82282	2.23508
1.8   0.8928	2.36137
1.8   0.96564	2.47629
1.8   1.04132	2.59568
1.8   1.11993	2.70319
1.8   1.20133	2.81449
1.8   1.2856	2.91377
1.8   1.37273	3.01642
1.8   1.46274	3.10775
1.8   1.55558	3.20193
1.8   1.65129	3.2846
1.8   1.74985	3.36971
1.8   1.85127	3.44565
1.8   1.95556	3.52372
1.8   2.06267	3.59469
1.8   2.17267	3.66758
1.8   2.28552	3.73651
1.8   2.40121	3.80718
1.8   2.51979	3.8736
1.8   2.64121	3.94161
1.8   2.76547	4.00239
1.8   2.8926	4.06458
1.8   3.02258	4.11942
1.8   3.15546	4.17549
1.8   3.29113	4.22484
1.8   3.4297	4.27524
1.8   3.57109	4.32094
1.8   3.7154	4.36758
1.8   3.86249	4.40963
1.8   4.0125	4.45251
1.8   4.16534	4.49207
1.8   4.32104	4.53237
1.8   4.4796	4.57003
1.8   4.64101	4.60836
1.8   4.80527	4.64426
1.8   4.97238	4.68079
1.8   5.14236	4.71564
1.8   5.31522	4.75108
1.8   5.49093	4.78423
1.8   5.66946	4.81791
1.8   5.85086	4.85043
1.8   6.03513	4.88348
1.8   6.22229	4.91489
1.8   6.41225	4.94679
1.8   6.6051	4.97719
1.8   6.8008	5.00803
1.8   6.99935	5.03792
1.8   7.20074	5.06823
1.8   7.40497	5.09719
1.8   7.61213	5.12656
1.8   7.8221	5.15486
1.8   8.03494	5.18354
1.8   8.25064	5.21089
1.8   8.46919	5.2386
1.8   8.69057	5.26622
1.8   8.91486	5.2942
1.8   9.14196	5.32058
1.8   9.37194	5.34729
1.8   9.60475	5.3728
1.8   9.84048	5.39863
1.8   10.07903	5.42308
1.8   10.32042	5.44782
1.8   10.56469	5.47281
1.8   10.81179	5.49809
1.8   11.06177	5.52227
1.8   11.3146	5.54673
1.8   11.5703	5.57002
1.8   11.82883	5.59357
1.8   12.09024	5.61603
1.8   12.3545	5.63873
1.8   12.62162	5.66155
1.8   12.89158	5.68461
1.8   13.16439	5.70617
1.8   13.44009	5.72796
1.8   13.71864	5.74929
1.8   14.00004	5.77085

5    0.00144	-9.03959E-4
5    0.00572	0.0076
5    0.01283	0.02175
5    0.02286	0.04155
5    0.03569	0.06691
5    0.05145	0.09775
5    0.07004	0.13415
5    0.09148	0.17601
5    0.11576	0.22343
5    0.14288	0.27579
5    0.17287	0.3337
5    0.20573	0.39859
5    0.24143	0.4691
5    0.28001	0.54328
5    0.32144	0.62294
5    0.36573	0.70654
5    0.41285	0.79549
5    0.46286	0.88783
5    0.51569	0.98536
5    0.57142	1.08577
5    0.62994	1.19123
5    0.6914	1.29764
5    0.75567	1.40893
5    0.82282	1.52003
5    0.8928	1.63579
5    0.96564	1.7499
5    1.04132	1.86846
5    1.11993	1.98457
5    1.20133	2.1048
5    1.2856	2.22044
5    1.37273	2.34002
5    1.46274	2.45399
5    1.55558	2.57153
5    1.65129	2.68227
5    1.74985	2.79629
5    1.85127	2.90241
5    1.95556	3.01152
5    2.06267	3.11183
5    2.17267	3.21485
5    2.28552	3.3089
5    2.40121	3.40532
5    2.51979	3.4928
5    2.64121	3.58238
5    2.76547	3.66262
5    2.8926	3.74471
5    3.02258	3.81839
5    3.15546	3.89371
5    3.29113	3.96105
5    3.4297	4.02983
5    3.57109	4.09136
5    3.7154	4.15416
5    3.86249	4.21049
5    4.0125	4.26795
5    4.16534	4.32005
5    4.32104	4.37312
5    4.4796	4.42129
5    4.64101	4.47031
5    4.80527	4.51498
5    4.97238	4.56043
5    5.14236	4.60266
5    5.31522	4.6456
5    5.49093	4.68551
5    5.66946	4.72607
5    5.85086	4.76349
5    6.03513	4.80151
5    6.22229	4.83745
5    6.41225	4.87394
5    6.6051	4.90858
5    6.8008	4.94373
5    6.99935	4.97693
5    7.20074	5.01061
5    7.40497	5.04264
5    7.61213	5.07514
5    7.8221	5.10608
5    8.03494	5.13745
5    8.25064	5.16692
5    8.46919	5.19677
5    8.69057	5.22597
5    8.91486	5.25555
5    9.14196	5.28341
5    9.37194	5.31163
5    9.60475	5.33892
5    9.84048	5.36656
5    10.07903	5.39322
5    10.32042	5.4202
5    10.56469	5.44587
5    10.81179	5.47183
5    11.06177	5.49684
5    11.3146	5.52215
5    11.5703	5.54651
5    11.82883	5.57114
5    12.09024	5.59478
5    12.3545	5.61866
5    12.62162	5.64236
5    12.89158	5.6663
5    13.16439	5.68849
5    13.44009	5.71091
5    13.71864	5.73315
5    14.00004	5.75562

10    0.00144	-5.99542E-4
10    0.00572	0.00476
10    0.01283	0.01368
10    0.02286	0.02609
10    0.03569	0.04198
10    0.05145	0.06155
10    0.07004	0.08465
10    0.09148	0.11088
10    0.11576	0.1406
10    0.14288	0.17367
10    0.17287	0.21024
10    0.20573	0.2514
10    0.24143	0.29612
10    0.28001	0.34344
10    0.32144	0.39425
10    0.36573	0.44828
10    0.41285	0.50577
10    0.46286	0.56652
10    0.51569	0.6307
10    0.57142	0.69761
10    0.62994	0.76788
10    0.6914	0.84072
10    0.75567	0.91691
10    0.82282	0.99533
10    0.8928	1.07704
10    0.96564	1.16048
10    1.04132	1.24717
10    1.11993	1.33532
10    1.20133	1.42659
10    1.2856	1.51851
10    1.37273	1.61356
10    1.46274	1.70873
10    1.55558	1.80688
10    1.65129	1.90412
10    1.74985	2.00425
10    1.85127	2.10308
10    1.95556	2.20469
10    2.06267	2.30405
10    2.17267	2.40608
10    2.28552	2.50456
10    2.40121	2.60552
10    2.51979	2.70311
10    2.64121	2.80304
10    2.76547	2.89834
10    2.8926	2.99584
10    3.02258	3.08795
10    3.15546	3.18213
10    3.29113	3.27097
10    3.4297	3.36172
10    3.57109	3.44647
10    3.7154	3.53299
10    3.86249	3.61367
10    4.0125	3.69595
10    4.16534	3.7715
10    4.32104	3.84846
10    4.4796	3.92015
10    4.64101	3.99312
10    4.80527	4.0603
10    4.97238	4.12866
10    5.14236	4.19155
10    5.31522	4.25552
10    5.49093	4.31434
10    5.66946	4.3741
10    5.85086	4.42922
10    6.03513	4.48521
10    6.22229	4.53738
10    6.41225	4.59033
10    6.6051	4.63894
10    6.8008	4.68827
10    6.99935	4.73385
10    7.20074	4.78009
10    7.40497	4.82324
10    7.61213	4.86702
10    7.8221	4.90777
10    8.03494	4.94908
10    8.25064	4.98704
10    8.46919	5.0255
10    8.69057	5.06197
10    8.91486	5.09892
10    9.14196	5.13377
10    9.37194	5.16907
10    9.60475	5.20288
10    9.84048	5.23712
10    10.07903	5.26924
10    10.32042	5.30175
10    10.56469	5.33307
10    10.81179	5.36474
10    11.06177	5.39404
10    11.3146	5.42366
10    11.5703	5.45219
10    11.82883	5.48102
10    12.09024	5.50854
10    12.3545	5.53635
10    12.62162	5.5627
10    12.89158	5.58934
10    13.16439	5.61501
10    13.44009	5.64096
10    13.71864	5.66567
10    14.00004	5.69065

20    0.00144	-3.64024E-4
20    0.00572	0.00258
20    0.01283	0.00747
20    0.02286	0.0152
20    0.03569	0.0251
20    0.05145	0.03672
20    0.07004	0.05044
20    0.09148	0.06638
20    0.11576	0.08443
20    0.14288	0.10403
20    0.17287	0.12571
20    0.20573	0.15036
20    0.24143	0.17715
20    0.28001	0.20554
20    0.32144	0.23604
20    0.36573	0.26854
20    0.41285	0.30312
20    0.46286	0.33967
20    0.51569	0.37828
20    0.57142	0.4191
20    0.62994	0.46196
20    0.6914	0.50663
20    0.75567	0.55335
20    0.82282	0.60177
20    0.8928	0.65222
20    0.96564	0.70451
20    1.04132	0.75884
20    1.11993	0.81488
20    1.20133	0.87291
20    1.2856	0.93249
20    1.37273	0.99411
20    1.46274	1.05711
20    1.55558	1.12207
20    1.65129	1.18823
20    1.74985	1.25636
20    1.85127	1.32552
20    1.95556	1.39663
20    2.06267	1.46832
20    2.17267	1.54194
20    2.28552	1.61649
20    2.40121	1.69291
20    2.51979	1.76904
20    2.64121	1.84699
20    2.76547	1.92482
20    2.8926	2.00444
20    3.02258	2.08368
20    3.15546	2.16469
20    3.29113	2.2448
20    3.4297	2.32662
20    3.57109	2.40699
20    3.7154	2.48903
20    3.86249	2.56973
20    4.0125	2.65203
20    4.16534	2.73265
20    4.32104	2.81478
20    4.4796	2.89437
20    4.64101	2.9754
20    4.80527	3.05396
20    4.97238	3.13388
20    5.14236	3.21115
20    5.31522	3.28973
20    5.49093	3.36536
20    5.66946	3.44219
20    5.85086	3.51583
20    6.03513	3.59063
20    6.22229	3.662
20    6.41225	3.73445
20    6.6051	3.80395
20    6.8008	3.87448
20    6.99935	3.94115
20    7.20074	4.00879
20    7.40497	4.07329
20    7.61213	4.13871
20    7.8221	4.20019
20    8.03494	4.26251
20    8.25064	4.32166
20    8.46919	4.38159
20    8.69057	4.43838
20    8.91486	4.49592
20    9.14196	4.54992
20    9.37194	4.60461
20    9.60475	4.65622
20    9.84048	4.70848
20    10.07903	4.75773
20    10.32042	4.80756
20    10.56469	4.85463
20    10.81179	4.90225
20    11.06177	4.94688
20    11.3146	4.99202
20    11.5703	5.03509
20    11.82883	5.07864
20    12.09024	5.11977
20    12.3545	5.16134
20    12.62162	5.19955
20    12.89158	5.23817
20    13.16439	5.2755
20    13.44009	5.31322
20    13.71864	5.34873
20    14.00004	5.3846

40    0.00144	-2.02573E-4
40    0.00572	0.00146
40    0.01283	0.00422
40    0.02286	0.00865
40    0.03569	0.01432
40    0.05145	0.02095
40    0.07004	0.02879
40    0.09148	0.03778
40    0.11576	0.04796
40    0.14288	0.05949
40    0.17287	0.07224
40    0.20573	0.08607
40    0.24143	0.1011
40    0.28001	0.11732
40    0.32144	0.13473
40    0.36573	0.15331
40    0.41285	0.17307
40    0.46286	0.194
40    0.51569	0.21611
40    0.57142	0.23949
40    0.62994	0.26405
40    0.6914	0.28969
40    0.75567	0.3165
40    0.82282	0.34445
40    0.8928	0.37359
40    0.96564	0.40384
40    1.04132	0.43527
40    1.11993	0.46788
40    1.20133	0.50165
40    1.2856	0.53657
40    1.37273	0.57269
40    1.46274	0.60978
40    1.55558	0.64804
40    1.65129	0.68741
40    1.74985	0.72796
40    1.85127	0.76944
40    1.95556	0.8121
40    2.06267	0.85574
40    2.17267	0.90056
40    2.28552	0.94624
40    2.40121	0.99308
40    2.51979	1.04084
40    2.64121	1.08974
40    2.76547	1.13937
40    2.8926	1.19015
40    3.02258	1.24165
40    3.15546	1.2943
40    3.29113	1.34747
40    3.4297	1.40178
40    3.57109	1.45665
40    3.7154	1.51265
40    3.86249	1.56899
40    4.0125	1.62644
40    4.16534	1.68388
40    4.32104	1.74241
40    4.4796	1.80148
40    4.64101	1.86162
40    4.80527	1.92188
40    4.97238	1.98319
40    5.14236	2.04444
40    5.31522	2.10673
40    5.49093	2.16885
40    5.66946	2.23196
40    5.85086	2.29471
40    6.03513	2.35846
40    6.22229	2.42217
40    6.41225	2.48684
40    6.6051	2.55062
40    6.8008	2.61534
40    6.99935	2.67947
40    7.20074	2.74453
40    7.40497	2.8086
40    7.61213	2.8736
40    7.8221	2.93768
40    8.03494	3.00265
40    8.25064	3.07215
40    8.46919	3.14256
40    8.69057	3.20021
40    8.91486	3.25861
40    9.14196	3.32141
40    9.37194	3.38502
40    9.60475	3.44728
40    9.84048	3.51033
40    10.07903	3.57189
40    10.32042	3.63417
40    10.56469	3.69385
40    10.81179	3.75422
40    11.06177	3.8137
40    11.3146	3.87386
40    11.5703	3.93234
40    11.82883	3.99146
40    12.09024	4.0488
40    12.3545	4.10677
40    12.62162	4.16339
40    12.89158	4.22061
40    13.16439	4.27516
40    13.44009	4.33028
40    13.71864	4.3836
40    14.00004	4.43746