   Chi^2    ('R1', 'R2', 'R3', 'Theta2', 'Theta3', 'Phi', 'q1', 'q2', 'q3')
     2.984    1.77  1.63  1.42 82.   80.   58.    0.6   0.29  0.14
     3.076    1.77  1.64  1.42 82.   80.   58.    0.6   0.3   0.14
     3.112    1.78  1.64  1.38 82.   80.   58.    0.6   0.3   0.12
     3.142    1.78  1.62  1.42 82.   80.   58.    0.6   0.28  0.14
     3.203    1.77  1.64  1.4  82.   80.   58.    0.6   0.29  0.14
     3.230    1.78  1.64  1.42 82.   80.   58.    0.6   0.29  0.14
     3.247    1.76  1.64  1.4  82.   80.   58.    0.6   0.3   0.14
     3.255    1.77  1.62  1.4  82.   80.   58.    0.6   0.28  0.14
     3.274    1.78  1.63  1.38 82.   80.   58.    0.6   0.29  0.12
     3.275    1.76  1.63  1.4  82.   80.   58.    0.6   0.29  0.14
     3.289    1.76  1.64  1.42 82.   80.   58.    0.6   0.3   0.14
     3.321    1.76  1.63  1.42 82.   80.   58.    0.6   0.28  0.16
     3.398    1.77  1.62  1.42 82.   80.   58.    0.6   0.29  0.14
     3.405    1.78  1.62  1.38 82.   80.   58.    0.6   0.29  0.12
     3.407    1.76  1.64  1.38 82.   80.   58.    0.6   0.29  0.14
     3.458    1.76  1.63  1.42 82.   80.   58.    0.6   0.3   0.14
     3.473    1.78  1.63  1.42 82.   80.   58.    0.6   0.29  0.14
     3.491    1.77  1.63  1.38 82.   80.   58.    0.6   0.28  0.14
     3.498    1.76  1.62  1.42 82.   80.   58.    0.6   0.29  0.14
     3.551    1.78  1.63  1.4  82.   80.   58.    0.6   0.28  0.14
     3.556    1.76  1.62  1.38 82.   80.   58.    0.6   0.28  0.14
     3.565    1.78  1.64  1.4  82.   80.   58.    0.6   0.3   0.12
     3.565    1.77  1.64  1.42 82.   80.   58.    0.6   0.28  0.16
     3.571    1.76  1.62  1.4  82.   80.   58.    0.6   0.29  0.14
     3.592    1.77  1.63  1.4  82.   80.   58.    0.6   0.29  0.14
     3.618    1.76  1.64  1.42 82.   80.   58.    0.6   0.29  0.16
     3.717    1.77  1.62  1.42 82.   80.   58.    0.6   0.28  0.14
     3.719    1.78  1.63  1.4  82.   80.   58.    0.6   0.3   0.12
     3.721    1.78  1.63  1.38 82.   80.   58.    0.6   0.3   0.12
     3.732    1.78  1.64  1.38 82.   80.   58.    0.6   0.28  0.14
     3.738    1.77  1.64  1.38 82.   80.   58.    0.6   0.3   0.12
     3.743    1.77  1.63  1.38 82.   80.   58.    0.6   0.3   0.12
     3.744    1.76  1.63  1.38 82.   80.   58.    0.6   0.29  0.14
     3.788    1.78  1.62  1.4  82.   80.   58.    0.6   0.29  0.12
     3.855    1.77  1.64  1.42 82.   80.   58.    0.6   0.29  0.14
     3.895    1.78  1.63  1.42 82.   80.   58.    0.6   0.28  0.14
     3.900    1.76  1.62  1.42 82.   80.   58.    0.6   0.28  0.16
     3.916    1.77  1.64  1.38 82.   80.   58.    0.6   0.29  0.14
     3.946    1.77  1.62  1.38 82.   80.   58.    0.6   0.29  0.12
     3.987    1.78  1.62  1.38 82.   80.   58.    0.6   0.28  0.12
     4.008    1.78  1.64  1.4  82.   80.   58.    0.6   0.29  0.14
     4.042    1.77  1.63  1.42 82.   80.   58.    0.6   0.3   0.14
     4.058    1.76  1.63  1.42 82.   80.   58.    0.6   0.29  0.14
     4.095    1.77  1.63  1.4  82.   80.   58.    0.6   0.28  0.14
     4.098    1.78  1.63  1.4  82.   80.   58.    0.6   0.29  0.12
     4.117    1.77  1.63  1.42 82.   80.   58.    0.6   0.28  0.16
     4.125    1.78  1.64  1.38 82.   80.   58.    0.6   0.29  0.12
     4.128    1.78  1.62  1.4  82.   80.   58.    0.6   0.28  0.14
     4.159    1.77  1.62  1.38 82.   80.   58.    0.6   0.28  0.14
     4.166    1.76  1.62  1.4  82.   80.   58.    0.6   0.28  0.14
     4.173    1.76  1.63  1.4  82.   80.   58.    0.6   0.28  0.16
     4.178    1.76  1.64  1.4  82.   80.   58.    0.6   0.29  0.14
     4.199    1.76  1.64  1.4  82.   80.   58.    0.6   0.28  0.16
     4.222    1.76  1.62  1.42 82.   80.   58.    0.6   0.3   0.14
     4.227    1.77  1.62  1.38 82.   80.   58.    0.6   0.3   0.12
     4.274    1.78  1.64  1.42 82.   80.   58.    0.6   0.3   0.14
     4.312    1.78  1.64  1.4  82.   80.   58.    0.6   0.28  0.14
     4.331    1.76  1.63  1.4  82.   80.   58.    0.6   0.3   0.14
     4.363    1.78  1.62  1.4  82.   80.   58.    0.6   0.3   0.12
     4.378    1.77  1.63  1.38 82.   80.   58.    0.6   0.29  0.12
     4.395    1.77  1.64  1.38 82.   80.   58.    0.6   0.28  0.14
     4.430    1.78  1.63  1.38 82.   80.   58.    0.6   0.28  0.14
     4.453    1.76  1.64  1.42 82.   80.   58.    0.6   0.28  0.16
     4.493    1.76  1.63  1.38 82.   80.   58.    0.6   0.28  0.14
     4.504    1.78  1.62  1.38 82.   80.   58.    0.6   0.3   0.12
     4.533    1.78  1.64  1.42 82.   80.   58.    0.6   0.28  0.16
     4.536    1.77  1.64  1.4  82.   80.   58.    0.6   0.28  0.16
     4.570    1.77  1.64  1.4  82.   80.   58.    0.6   0.3   0.14
     4.578    1.77  1.63  1.4  82.   80.   58.    0.6   0.3   0.12
     4.601    1.76  1.62  1.38 82.   80.   58.    0.6   0.3   0.12
     4.630    1.76  1.63  1.38 82.   80.   58.    0.6   0.3   0.12
     4.667    1.77  1.64  1.38 82.   80.   56.    0.6   0.28  0.16
     4.678    1.78  1.63  1.42 82.   80.   58.    0.6   0.3   0.12
     4.709    1.77  1.62  1.4  82.   80.   58.    0.6   0.3   0.12
     4.774    1.78  1.62  1.42 82.   80.   58.    0.6   0.29  0.14
     4.801    1.76  1.64  1.38 82.   80.   58.    0.6   0.3   0.14
     4.820    1.78  1.64  1.42 82.   80.   58.    0.6   0.3   0.12
     4.824    1.77  1.64  1.4  82.   80.   56.    0.6   0.28  0.16
     4.825    1.76  1.64  1.38 82.   80.   56.    0.6   0.28  0.16
     4.868    1.77  1.64  1.4  82.   80.   58.    0.6   0.3   0.12
     4.919    1.78  1.64  1.38 82.   80.   56.    0.6   0.28  0.16
     4.930    1.77  1.62  1.4  82.   80.   58.    0.6   0.29  0.14
     4.970    1.78  1.62  1.42 82.   80.   58.    0.6   0.29  0.12
     4.996    1.78  1.62  1.42 82.   80.   58.    0.6   0.3   0.12
     4.997    1.77  1.62  1.4  82.   80.   58.    0.6   0.29  0.12
     5.043    1.78  1.62  1.4  82.   80.   58.    0.6   0.28  0.12
     5.067    1.76  1.64  1.38 82.   80.   58.    0.6   0.3   0.12
     5.074    1.78  1.64  1.4  82.   80.   56.    0.6   0.28  0.16
     5.139    1.77  1.63  1.42 82.   80.   58.    0.6   0.28  0.14
     5.155    1.76  1.62  1.38 82.   80.   58.    0.6   0.29  0.12
     5.196    1.76  1.63  1.38 82.   80.   56.    0.6   0.28  0.16
     5.204    1.76  1.62  1.38 82.   80.   58.    0.6   0.29  0.14
     5.217    1.77  1.64  1.38 82.   80.   56.    0.6   0.29  0.16
     5.242    1.78  1.64  1.4  82.   80.   58.    0.6   0.29  0.12
     5.250    1.76  1.62  1.42 82.   80.   58.    0.6   0.28  0.14
     5.308    1.77  1.62  1.38 82.   80.   56.    0.6   0.28  0.16
     5.323    1.76  1.64  1.4  82.   80.   56.    0.6   0.28  0.16
     5.340    1.76  1.64  1.38 82.   80.   58.    0.6   0.28  0.16
     5.347    1.78  1.64  1.42 82.   80.   58.    0.6   0.28  0.14
     5.352    1.78  1.63  1.38 82.   80.   58.    0.6   0.28  0.12
     5.360    1.78  1.63  1.4  82.   80.   58.    0.6   0.29  0.14
     5.383    1.78  1.64  1.42 82.   80.   56.    0.6   0.29  0.16
     5.392    1.76  1.64  1.42 82.   80.   58.    0.6   0.29  0.14
     5.407    1.78  1.64  1.38 82.   80.   56.    0.6   0.29  0.16
     5.420    1.76  1.64  1.4  82.   80.   58.    0.6   0.29  0.16
     5.425    1.78  1.64  1.4  82.   80.   56.    0.6   0.29  0.16
     5.462    1.76  1.63  1.38 82.   80.   56.    0.6   0.29  0.16
     5.465    1.77  1.62  1.38 82.   80.   58.    0.6   0.28  0.12
     5.466    1.78  1.64  1.42 82.   80.   56.    0.6   0.28  0.16
     5.481    1.78  1.63  1.42 82.   80.   58.    0.6   0.29  0.12
     5.482    1.77  1.63  1.38 82.   80.   58.    0.6   0.29  0.14
     5.491    1.76  1.63  1.42 82.   80.   58.    0.6   0.29  0.16
     5.518    1.77  1.63  1.38 82.   80.   56.    0.6   0.28  0.16
     5.531    1.78  1.62  1.38 82.   80.   56.    0.6   0.28  0.16
     5.565    1.78  1.62  1.42 82.   80.   56.    0.6   0.28  0.16
     5.570    1.77  1.63  1.38 82.   80.   56.    0.6   0.29  0.16
     5.595    1.77  1.64  1.4  82.   80.   58.    0.6   0.28  0.14
     5.605    1.77  1.63  1.42 82.   80.   56.    0.6   0.29  0.16
     5.608    1.78  1.62  1.4  82.   80.   56.    0.6   0.28  0.16
     5.610    1.77  1.64  1.38 82.   80.   58.    0.6   0.29  0.12
     5.628    1.76  1.64  1.38 82.   80.   56.    0.6   0.3   0.16
     5.630    1.77  1.63  1.4  82.   80.   56.    0.6   0.29  0.16
     5.640    1.76  1.63  1.4  82.   80.   58.    0.6   0.28  0.14
     5.646    1.76  1.62  1.4  82.   80.   58.    0.6   0.3   0.12
     5.662    1.77  1.63  1.4  82.   80.   58.    0.6   0.29  0.12
     5.689    1.76  1.64  1.4  82.   80.   56.    0.6   0.3   0.16
     5.692    1.77  1.64  1.42 82.   80.   58.    0.6   0.29  0.16
     5.696    1.76  1.64  1.42 82.   80.   56.    0.6   0.3   0.16
     5.704    1.76  1.62  1.38 82.   80.   56.    0.6   0.29  0.16
     5.745    1.76  1.62  1.4  82.   80.   58.    0.6   0.28  0.16
     5.761    1.76  1.62  1.4  82.   80.   56.    0.6   0.29  0.16
     5.767    1.77  1.64  1.42 82.   80.   56.    0.6   0.28  0.16
     5.785    1.77  1.62  1.42 82.   80.   58.    0.6   0.3   0.12
     5.819    1.77  1.64  1.38 82.   80.   56.    0.6   0.3   0.16
     5.834    1.77  1.63  1.4  82.   80.   58.    0.6   0.28  0.16
     5.845    1.78  1.63  1.38 82.   80.   56.    0.6   0.29  0.16
     5.853    1.77  1.64  1.42 82.   80.   56.    0.6   0.3   0.16
     5.869    1.78  1.64  1.38 82.   80.   58.    0.6   0.29  0.14
     5.872    1.77  1.64  1.4  82.   80.   56.    0.6   0.3   0.16
     5.873    1.77  1.63  1.4  82.   80.   56.    0.6   0.28  0.16
     5.881    1.76  1.63  1.38 82.   80.   56.    0.6   0.3   0.16
     5.883    1.76  1.63  1.4  82.   80.   58.    0.6   0.3   0.12
     5.885    1.77  1.63  1.42 82.   80.   58.    0.6   0.3   0.12
     5.893    1.76  1.62  1.42 82.   80.   56.    0.6   0.29  0.16
     5.903    1.77  1.62  1.38 82.   80.   56.    0.6   0.29  0.16
     5.906    1.78  1.63  1.42 82.   80.   56.    0.6   0.29  0.16
     5.917    1.77  1.64  1.38 82.   80.   56.    0.6   0.3   0.14
     5.922    1.76  1.63  1.4  82.   80.   56.    0.6   0.3   0.16
     5.929    1.78  1.62  1.38 82.   80.   56.    0.6   0.28  0.14
     5.945    1.78  1.63  1.4  82.   80.   56.    0.6   0.29  0.16
     5.966    1.77  1.62  1.4  82.   80.   56.    0.6   0.29  0.16
     5.973    1.76  1.64  1.38 82.   80.   58.    0.6   0.28  0.14
     5.974    1.78  1.63  1.38 82.   80.   56.    0.6   0.28  0.16
     5.975    1.77  1.62  1.42 82.   80.   58.    0.6   0.28  0.16
     5.979    1.76  1.63  1.4  82.   80.   56.    0.6   0.28  0.16
     5.994    1.76  1.64  1.38 82.   80.   56.    0.6   0.29  0.16
     5.997    1.76  1.63  1.38 82.   80.   58.    0.6   0.29  0.12
     6.054    1.76  1.63  1.42 82.   80.   56.    0.6   0.3   0.16
     6.066    1.77  1.62  1.42 82.   80.   56.    0.6   0.29  0.16
     6.074    1.76  1.63  1.38 82.   80.   58.    0.6   0.28  0.16
     6.075    1.78  1.63  1.38 82.   80.   56.    0.6   0.29  0.14
     6.097    1.78  1.62  1.38 82.   80.   58.    0.6   0.28  0.14
     6.133    1.78  1.63  1.42 82.   80.   58.    0.6   0.28  0.16
     6.155    1.76  1.62  1.4  82.   80.   56.    0.6   0.3   0.16
     6.182    1.78  1.64  1.38 82.   80.   56.    0.6   0.3   0.14
     6.211    1.76  1.62  1.38 82.   80.   56.    0.6   0.28  0.16
     6.215    1.77  1.63  1.4  82.   80.   56.    0.6   0.3   0.16
     6.239    1.78  1.64  1.4  82.   80.   58.    0.6   0.28  0.16
     6.240    1.78  1.64  1.4  82.   80.   56.    0.6   0.3   0.16
     6.275    1.78  1.64  1.42 82.   80.   56.    0.6   0.3   0.16
     6.315    1.77  1.63  1.42 82.   80.   56.    0.6   0.3   0.16
     6.319    1.78  1.62  1.4  82.   80.   56.    0.6   0.29  0.16
     6.343    1.78  1.63  1.4  82.   80.   56.    0.6   0.28  0.16
     6.363    1.77  1.64  1.42 82.   80.   58.    0.6   0.3   0.12
     6.365    1.77  1.62  1.38 82.   80.   56.    0.6   0.29  0.14
     6.405    1.76  1.64  1.4  82.   80.   56.    0.6   0.29  0.16
     6.409    1.77  1.62  1.42 82.   80.   58.    0.6   0.29  0.12
     6.418    1.77  1.63  1.42 82.   80.   56.    0.6   0.28  0.16
     6.438    1.78  1.62  1.42 82.   80.   56.    0.6   0.29  0.16
     6.454    1.78  1.62  1.42 82.   80.   58.    0.6   0.28  0.12
     6.474    1.76  1.64  1.4  82.   80.   58.    0.6   0.3   0.12
     6.497    1.78  1.63  1.4  82.   80.   58.    0.6   0.28  0.12
     6.499    1.76  1.62  1.4  82.   80.   58.    0.6   0.29  0.12
     6.550    1.77  1.64  1.38 82.   80.   58.    0.6   0.28  0.16
     6.602    1.76  1.64  1.42 82.   80.   56.    0.6   0.28  0.16
     6.612    1.78  1.64  1.42 82.   80.   58.    0.6   0.29  0.12
     6.638    1.78  1.63  1.42 82.   80.   56.    0.6   0.28  0.16
     6.654    1.78  1.62  1.38 82.   80.   56.    0.6   0.29  0.14
     6.666    1.78  1.64  1.38 82.   80.   56.    0.6   0.3   0.16
     6.678    1.77  1.64  1.4  82.   80.   56.    0.6   0.29  0.16
     6.679    1.76  1.62  1.38 82.   80.   56.    0.6   0.29  0.14
     6.679    1.77  1.63  1.38 82.   80.   56.    0.6   0.3   0.16
     6.681    1.76  1.62  1.42 82.   80.   56.    0.6   0.3   0.16
     6.688    1.78  1.63  1.38 82.   80.   56.    0.6   0.3   0.16
     6.690    1.78  1.62  1.38 82.   80.   56.    0.6   0.29  0.16
     6.698    1.76  1.62  1.38 82.   80.   56.    0.6   0.3   0.16
     6.723    1.76  1.62  1.4  82.   80.   56.    0.6   0.28  0.16
     6.732    1.77  1.64  1.42 82.   80.   58.    0.6   0.28  0.14
     6.745    1.77  1.62  1.4  82.   80.   58.    0.6   0.28  0.12
     6.766    1.76  1.63  1.42 82.   80.   58.    0.6   0.28  0.14
     6.788    1.78  1.64  1.4  82.   80.   56.    0.6   0.3   0.14
     6.852    1.76  1.63  1.42 82.   80.   56.    0.6   0.28  0.16
     6.870    1.77  1.63  1.38 82.   80.   58.    0.6   0.28  0.12
     6.889    1.78  1.64  1.38 82.   80.   58.    0.6   0.28  0.12
     6.897    1.78  1.63  1.42 82.   80.   56.    0.6   0.3   0.16
     6.916    1.77  1.62  1.38 82.   80.   56.    0.6   0.3   0.16
     6.920    1.78  1.64  1.38 82.   80.   56.    0.6   0.28  0.14
     6.925    1.77  1.64  1.4  82.   80.   58.    0.6   0.29  0.12
     6.955    1.76  1.63  1.38 82.   80.   56.    0.6   0.3   0.14
     6.975    1.77  1.64  1.42 82.   80.   56.    0.6   0.29  0.16
     6.992    1.76  1.62  1.42 82.   80.   58.    0.6   0.3   0.12
     6.996    1.78  1.63  1.4  82.   80.   56.    0.6   0.3   0.16
     7.006    1.76  1.64  1.42 82.   80.   56.    0.6   0.29  0.16
     7.020    1.77  1.62  1.4  82.   80.   56.    0.6   0.28  0.16
     7.026    1.77  1.63  1.38 82.   80.   56.    0.6   0.3   0.14
     7.120    1.76  1.62  1.38 82.   80.   58.    0.6   0.28  0.12
     7.145    1.78  1.62  1.4  82.   80.   56.    0.6   0.29  0.14
     7.154    1.77  1.63  1.42 82.   80.   58.    0.6   0.29  0.12
     7.196    1.76  1.64  1.4  82.   80.   58.    0.6   0.28  0.14
     7.254    1.76  1.64  1.38 82.   80.   58.    0.6   0.29  0.12
     7.301    1.77  1.62  1.42 82.   80.   56.    0.6   0.28  0.16
     7.352    1.76  1.63  1.42 82.   80.   58.    0.6   0.3   0.12
     7.355    1.76  1.62  1.42 82.   80.   56.    0.6   0.28  0.16
     7.379    1.76  1.63  1.4  82.   80.   58.    0.6   0.29  0.12
     7.386    1.76  1.63  1.4  82.   80.   56.    0.6   0.29  0.16
     7.491    1.78  1.63  1.38 82.   80.   56.    0.6   0.28  0.14
     7.502    1.77  1.64  1.38 82.   80.   56.    0.6   0.28  0.14
     7.504    1.77  1.63  1.4  82.   80.   58.    0.6   0.28  0.12
     7.512    1.76  1.64  1.38 82.   80.   58.    0.6   0.29  0.16
     7.623    1.77  1.64  1.38 82.   80.   58.    0.6   0.28  0.12
     7.640    1.76  1.63  1.42 82.   80.   56.    0.6   0.29  0.16
     7.664    1.77  1.62  1.42 82.   80.   56.    0.6   0.3   0.16
     7.680    1.78  1.63  1.38 82.   80.   56.    0.6   0.3   0.14
     7.699    1.77  1.62  1.4  82.   80.   56.    0.6   0.3   0.16
     7.730    1.77  1.63  1.38 82.   80.   56.    0.6   0.28  0.14
     7.734    1.76  1.62  1.38 82.   80.   58.    0.6   0.28  0.16
     7.751    1.78  1.63  1.42 82.   80.   58.    0.6   0.28  0.12
     7.783    1.76  1.63  1.38 82.   80.   58.    0.6   0.28  0.12
     7.843    1.78  1.63  1.4  82.   80.   56.    0.6   0.3   0.14
     7.849    1.77  1.64  1.38 82.   80.   56.    0.6   0.29  0.14
     7.849    1.76  1.62  1.38 82.   80.   56.    0.6   0.3   0.14
     7.879    1.76  1.62  1.4  82.   80.   58.    0.6   0.28  0.12
     7.926    1.78  1.64  1.38 82.   80.   56.    0.6   0.29  0.14
     7.932    1.78  1.64  1.4  82.   80.   58.    0.6   0.28  0.12
     7.982    1.76  1.62  1.42 82.   80.   58.    0.6   0.29  0.12
     7.983    1.77  1.62  1.42 82.   80.   58.    0.6   0.3   0.14
     8.003    1.76  1.64  1.4  82.   80.   58.    0.6   0.29  0.12
     8.018    1.76  1.64  1.42 82.   80.   58.    0.6   0.3   0.12
     8.041    1.77  1.62  1.42 82.   80.   58.    0.6   0.28  0.12
     8.141    1.77  1.62  1.38 82.   80.   56.    0.6   0.28  0.14
     8.174    1.78  1.62  1.38 82.   80.   56.    0.6   0.3   0.16
     8.180    1.78  1.64  1.4  82.   80.   56.    0.6   0.28  0.14
     8.188    1.77  1.64  1.42 82.   80.   58.    0.6   0.29  0.12
     8.198    1.77  1.62  1.38 82.   80.   56.    0.6   0.3   0.14
     8.204    1.77  1.63  1.38 82.   80.   58.    0.6   0.28  0.16
     8.301    1.76  1.63  1.42 82.   80.   58.    0.6   0.29  0.12
     8.313    1.78  1.62  1.38 82.   80.   58.    0.6   0.3   0.16
     8.317    1.77  1.63  1.38 82.   80.   56.    0.6   0.29  0.14
     8.318    1.78  1.64  1.4  82.   80.   56.    0.6   0.29  0.14
     8.328    1.76  1.63  1.38 82.   80.   56.    0.6   0.28  0.14
     8.332    1.77  1.62  1.4  82.   80.   56.    0.6   0.3   0.14
     8.347    1.76  1.64  1.38 82.   80.   56.    0.6   0.28  0.14
     8.356    1.76  1.64  1.42 82.   80.   58.    0.6   0.28  0.14
     8.393    1.78  1.63  1.4  82.   80.   56.    0.6   0.28  0.14
     8.412    1.78  1.62  1.4  82.   80.   56.    0.6   0.28  0.14
     8.454    1.78  1.64  1.42 82.   80.   58.    0.6   0.28  0.12
     8.462    1.76  1.64  1.38 82.   80.   56.    0.6   0.29  0.14
     8.493    1.78  1.64  1.38 82.   80.   58.    0.6   0.28  0.16
     8.589    1.76  1.62  1.4  82.   80.   58.    0.6   0.3   0.14
     8.636    1.76  1.64  1.38 82.   80.   56.    0.6   0.3   0.14
     8.652    1.77  1.64  1.4  82.   80.   58.    0.6   0.28  0.12
     8.695    1.76  1.63  1.4  82.   80.   58.    0.6   0.29  0.16
     8.728    1.77  1.63  1.42 82.   80.   58.    0.6   0.28  0.12
     8.741    1.78  1.62  1.4  82.   80.   58.    0.6   0.3   0.16
     8.756    1.78  1.63  1.4  82.   80.   56.    0.6   0.29  0.14
     8.826    1.78  1.63  1.38 82.   80.   58.    0.6   0.3   0.16
     8.830    1.78  1.63  1.38 80.   80.   58.    0.6   0.28  0.16
     8.843    1.77  1.62  1.38 82.   80.   58.    0.6   0.3   0.16
     8.907    1.76  1.63  1.4  82.   80.   58.    0.6   0.28  0.12
     8.954    1.76  1.63  1.38 82.   80.   56.    0.6   0.29  0.14
     9.076    1.78  1.62  1.4  82.   80.   56.    0.6   0.3   0.14
     9.122    1.78  1.62  1.4  82.   80.   56.    0.6   0.3   0.16
     9.125    1.77  1.63  1.38 80.   80.   58.    0.6   0.28  0.16
     9.133    1.77  1.64  1.4  82.   80.   56.    0.6   0.29  0.14
     9.138    1.78  1.62  1.42 82.   80.   56.    0.6   0.3   0.16
     9.171    1.76  1.62  1.38 82.   80.   56.    0.6   0.28  0.14
     9.171    1.76  1.62  1.42 82.   80.   58.    0.6   0.28  0.12
     9.269    1.76  1.64  1.42 82.   80.   58.    0.6   0.29  0.12
     9.345    1.78  1.62  1.38 82.   80.   56.    0.6   0.3   0.14
     9.379    1.77  1.63  1.4  82.   80.   56.    0.6   0.28  0.14
     9.425    1.77  1.63  1.4  82.   80.   56.    0.6   0.29  0.14
     9.432    1.76  1.64  1.38 82.   80.   58.    0.6   0.28  0.12
     9.506    1.77  1.64  1.4  82.   80.   58.    0.6   0.29  0.16
     9.541    1.78  1.64  1.42 82.   80.   56.    0.6   0.29  0.14
     9.554    1.77  1.64  1.4  82.   80.   56.    0.6   0.3   0.14
     9.647    1.78  1.63  1.42 82.   80.   56.    0.6   0.29  0.14
     9.653    1.77  1.62  1.4  82.   80.   56.    0.6   0.28  0.14
     9.691    1.78  1.64  1.38 80.   80.   58.    0.6   0.29  0.16
     9.691    1.77  1.64  1.38 80.   80.   58.    0.6   0.29  0.16
     9.803    1.78  1.64  1.42 82.   80.   56.    0.6   0.3   0.14
     9.818    1.77  1.64  1.4  82.   80.   56.    0.6   0.28  0.14
     9.953    1.78  1.62  1.42 82.   80.   56.    0.6   0.28  0.14
    10.002    1.77  1.62  1.4  82.   80.   56.    0.6   0.29  0.14
    10.018    1.78  1.62  1.38 80.   80.   58.    0.6   0.28  0.16
    10.059    1.77  1.62  1.38 80.   80.   58.    0.6   0.28  0.16
    10.095    1.76  1.64  1.38 80.   80.   58.    0.6   0.29  0.16
    10.142    1.78  1.63  1.42 82.   80.   56.    0.6   0.28  0.14
    10.243    1.78  1.62  1.42 82.   80.   56.    0.6   0.29  0.14
    10.303    1.78  1.63  1.4  80.   80.   58.    0.6   0.28  0.16
    10.313    1.78  1.63  1.42 82.   80.   56.    0.6   0.3   0.14
    10.328    1.78  1.63  1.42 82.   80.   58.    0.6   0.3   0.14
    10.392    1.77  1.63  1.4  82.   80.   56.    0.6   0.3   0.14
    10.472    1.76  1.63  1.38 82.   80.   58.    0.6   0.3   0.14
    10.483    1.76  1.64  1.42 82.   80.   58.    0.6   0.3   0.16
    10.494    1.76  1.64  1.4  82.   80.   56.    0.6   0.3   0.14
    10.514    1.77  1.62  1.4  82.   80.   58.    0.6   0.28  0.16
    10.598    1.76  1.62  1.38 80.   80.   58.    0.6   0.28  0.16
    10.657    1.77  1.64  1.42 82.   80.   56.    0.6   0.3   0.14
    10.659    1.77  1.63  1.38 80.   80.   58.    0.6   0.29  0.16
    10.663    1.78  1.64  1.38 80.   80.   58.    0.6   0.28  0.16
    10.704    1.78  1.63  1.4  82.   80.   58.    0.6   0.3   0.16
    10.712    1.77  1.64  1.42 82.   80.   58.    0.6   0.28  0.12
    10.718    1.78  1.64  1.42 82.   80.   56.    0.6   0.28  0.14
    10.729    1.78  1.64  1.4  80.   80.   58.    0.6   0.29  0.16
    10.763    1.76  1.63  1.4  82.   80.   56.    0.6   0.29  0.14
    10.764    1.76  1.63  1.4  82.   80.   56.    0.6   0.3   0.14
    10.825    1.78  1.63  1.38 82.   80.   58.    0.6   0.28  0.16
    10.829    1.77  1.62  1.4  82.   80.   58.    0.6   0.3   0.16
    10.898    1.76  1.63  1.38 80.   80.   58.    0.6   0.29  0.16
    10.905    1.78  1.62  1.4  80.   80.   58.    0.6   0.28  0.16
    10.917    1.76  1.64  1.4  82.   80.   56.    0.6   0.29  0.14
    10.949    1.76  1.62  1.4  82.   80.   56.    0.6   0.29  0.14
    10.966    1.77  1.63  1.42 82.   80.   56.    0.6   0.3   0.14
    10.967    1.78  1.63  1.4  82.   80.   58.    0.6   0.28  0.16
    10.975    1.77  1.63  1.42 82.   80.   56.    0.6   0.29  0.14
    10.982    1.78  1.63  1.38 80.   80.   58.    0.6   0.29  0.16
    11.046    1.77  1.62  1.42 82.   80.   56.    0.6   0.3   0.14
    11.052    1.77  1.64  1.4  80.   80.   58.    0.6   0.29  0.16
    11.057    1.77  1.62  1.42 82.   80.   56.    0.6   0.29  0.14
    11.081    1.76  1.62  1.4  82.   80.   56.    0.6   0.3   0.14
    11.127    1.77  1.64  1.38 80.   80.   58.    0.6   0.28  0.16
    11.254    1.77  1.63  1.4  82.   80.   58.    0.6   0.3   0.14
    11.272    1.77  1.64  1.42 82.   80.   56.    0.6   0.29  0.14
    11.274    1.77  1.64  1.38 80.   80.   58.    0.6   0.3   0.16
    11.288    1.78  1.62  1.42 82.   80.   56.    0.6   0.3   0.14
    11.324    1.76  1.64  1.38 80.   80.   58.    0.6   0.3   0.16
    11.338    1.78  1.62  1.38 82.   80.   56.    0.6   0.3   0.12
    11.344    1.77  1.62  1.4  80.   80.   58.    0.6   0.28  0.16
    11.419    1.76  1.62  1.4  82.   80.   56.    0.6   0.28  0.14
    11.498    1.76  1.62  1.38 80.   80.   58.    0.6   0.29  0.16
    11.513    1.77  1.63  1.4  80.   80.   58.    0.6   0.29  0.16
    11.534    1.78  1.63  1.38 82.   80.   56.    0.6   0.3   0.12
    11.603    1.76  1.63  1.42 82.   80.   58.    0.6   0.28  0.12
    11.621    1.78  1.63  1.4  80.   80.   58.    0.6   0.29  0.16
    11.634    1.78  1.62  1.42 82.   80.   58.    0.6   0.3   0.16
    11.635    1.78  1.62  1.38 82.   80.   58.    0.6   0.29  0.16
    11.646    1.76  1.64  1.4  82.   80.   56.    0.6   0.28  0.14
    11.662    1.77  1.62  1.42 82.   80.   56.    0.6   0.28  0.14
    11.662    1.77  1.62  1.38 80.   80.   58.    0.6   0.29  0.16
    11.701    1.78  1.62  1.4  82.   80.   56.    0.6   0.3   0.12
    11.770    1.78  1.64  1.38 82.   80.   56.    0.6   0.3   0.12
    11.801    1.76  1.62  1.42 82.   80.   56.    0.6   0.3   0.14
    11.964    1.78  1.62  1.42 80.   80.   58.    0.6   0.28  0.16
    11.969    1.78  1.64  1.38 80.   80.   58.    0.6   0.3   0.16
    11.980    1.78  1.62  1.38 82.   80.   56.    0.6   0.29  0.12
    11.986    1.77  1.64  1.38 82.   80.   58.    0.6   0.3   0.14
    12.021    1.76  1.64  1.4  82.   80.   58.    0.6   0.28  0.12
    12.045    1.77  1.64  1.4  80.   80.   58.    0.6   0.3   0.16
    12.055    1.76  1.63  1.4  82.   80.   56.    0.6   0.28  0.14
    12.126    1.78  1.63  1.42 80.   80.   58.    0.6   0.29  0.16
    12.130    1.76  1.63  1.38 80.   80.   58.    0.6   0.3   0.16
    12.138    1.76  1.63  1.4  80.   80.   58.    0.6   0.29  0.16
    12.138    1.78  1.63  1.4  82.   80.   56.    0.6   0.3   0.12
    12.159    1.77  1.63  1.42 82.   80.   56.    0.6   0.28  0.14
    12.184    1.78  1.63  1.38 82.   80.   56.    0.6   0.29  0.12
    12.194    1.78  1.64  1.42 82.   80.   58.    0.6   0.29  0.16
    12.242    1.77  1.63  1.42 82.   80.   58.    0.6   0.29  0.16
    12.279    1.76  1.63  1.42 82.   80.   56.    0.6   0.3   0.14
    12.281    1.77  1.62  1.4  80.   80.   58.    0.6   0.29  0.16
    12.301    1.76  1.64  1.4  80.   80.   58.    0.6   0.3   0.16
    12.320    1.78  1.62  1.42 82.   80.   56.    0.6   0.3   0.12
    12.325    1.78  1.62  1.42 82.   80.   58.    0.6   0.28  0.16
    12.400    1.78  1.62  1.38 80.   80.   58.    0.6   0.29  0.16
    12.411    1.76  1.62  1.4  80.   80.   58.    0.6   0.28  0.16
    12.423    1.76  1.64  1.38 80.   80.   58.    0.6   0.28  0.16
    12.435    1.78  1.64  1.4  80.   80.   58.    0.6   0.3   0.16
    12.460    1.76  1.62  1.42 82.   80.   58.    0.6   0.29  0.16
    12.460    1.76  1.64  1.42 82.   80.   56.    0.6   0.3   0.14
    12.476    1.78  1.64  1.42 80.   80.   58.    0.6   0.3   0.16
    12.535    1.77  1.62  1.38 82.   80.   56.    0.6   0.3   0.12
    12.573    1.76  1.62  1.4  80.   80.   58.    0.6   0.29  0.16
    12.667    1.77  1.63  1.38 80.   80.   58.    0.6   0.3   0.16
    12.682    1.78  1.62  1.4  80.   80.   58.    0.6   0.29  0.16
    12.689    1.78  1.62  1.42 80.   80.   58.    0.6   0.29  0.16
    12.762    1.76  1.63  1.4  80.   80.   58.    0.6   0.3   0.16
    12.808    1.78  1.64  1.38 82.   80.   58.    0.6   0.3   0.16
    12.810    1.76  1.62  1.42 82.   80.   56.    0.6   0.29  0.14
    12.855    1.77  1.62  1.42 80.   80.   58.    0.6   0.29  0.16
    12.858    1.77  1.63  1.4  80.   80.   58.    0.6   0.3   0.16
    12.930    1.77  1.63  1.38 82.   80.   56.    0.6   0.3   0.12
    12.939    1.78  1.64  1.4  82.   80.   56.    0.6   0.3   0.12
    12.992    1.76  1.63  1.42 82.   80.   56.    0.6   0.29  0.14
    12.998    1.78  1.62  1.4  82.   80.   56.    0.6   0.29  0.12
    13.048    1.78  1.64  1.4  80.   80.   58.    0.6   0.28  0.16
    13.178    1.78  1.63  1.42 80.   80.   58.    0.6   0.3   0.16
    13.281    1.76  1.62  1.38 80.   80.   58.    0.6   0.3   0.16
    13.308    1.78  1.64  1.38 82.   80.   56.    0.6   0.29  0.12
    13.374    1.76  1.62  1.4  80.   80.   58.    0.6   0.3   0.16
    13.407    1.77  1.62  1.4  82.   80.   56.    0.6   0.3   0.12
    13.472    1.76  1.63  1.38 80.   80.   58.    0.6   0.28  0.16
    13.525    1.78  1.63  1.42 82.   80.   56.    0.6   0.3   0.12
    13.556    1.78  1.62  1.38 82.   80.   56.    0.6   0.28  0.12
    13.602    1.77  1.64  1.42 82.   80.   56.    0.6   0.28  0.14
    13.616    1.77  1.64  1.38 82.   80.   56.    0.6   0.3   0.12
    13.640    1.78  1.63  1.4  80.   80.   58.    0.6   0.3   0.16
    13.709    1.78  1.63  1.38 80.   80.   58.    0.6   0.3   0.16
    13.771    1.77  1.62  1.38 82.   80.   56.    0.6   0.29  0.12
    13.854    1.78  1.62  1.42 80.   80.   58.    0.6   0.3   0.16
    13.888    1.77  1.62  1.4  80.   80.   58.    0.6   0.3   0.16
    13.960    1.76  1.64  1.42 82.   80.   56.    0.6   0.29  0.14
    14.017    1.77  1.64  1.38 82.   80.   58.    0.6   0.29  0.16
    14.100    1.76  1.62  1.38 82.   80.   58.    0.6   0.3   0.16
    14.152    1.78  1.63  1.4  82.   80.   56.    0.6   0.29  0.12
    14.245    1.77  1.62  1.38 82.   80.   58.    0.6   0.29  0.14
    14.262    1.76  1.62  1.42 82.   80.   56.    0.6   0.28  0.14
    14.275    1.77  1.64  1.4  80.   80.   58.    0.6   0.28  0.16
    14.316    1.76  1.62  1.38 82.   80.   56.    0.6   0.3   0.12
    14.324    1.77  1.62  1.38 80.   80.   58.    0.6   0.3   0.16
    14.444    1.77  1.63  1.38 82.   80.   58.    0.6   0.3   0.16
    14.533    1.77  1.63  1.4  82.   80.   56.    0.6   0.3   0.12
    14.551    1.78  1.62  1.42 80.   80.   58.    0.6   0.3   0.14
    14.570    1.78  1.64  1.4  82.   80.   58.    0.6   0.3   0.14
    14.834    1.78  1.62  1.42 82.   80.   56.    0.6   0.29  0.12
    14.834    1.78  1.63  1.38 82.   80.   56.    0.6   0.28  0.12
    14.886    1.78  1.62  1.4  80.   80.   58.    0.6   0.3   0.16
    14.915    1.78  1.64  1.42 82.   80.   56.    0.6   0.3   0.12
    15.012    1.77  1.63  1.4  80.   80.   58.    0.6   0.28  0.16
    15.018    1.77  1.62  1.42 82.   80.   56.    0.6   0.3   0.12
    15.135    1.78  1.63  1.38 82.   80.   58.    0.6   0.29  0.14
    15.145    1.77  1.63  1.38 82.   80.   56.    0.6   0.29  0.12
    15.191    1.78  1.62  1.38 80.   80.   58.    0.6   0.3   0.12
    15.333    1.76  1.64  1.42 82.   80.   58.    0.6   0.28  0.12
    15.416    1.76  1.63  1.38 82.   80.   56.    0.6   0.3   0.12
    15.520    1.78  1.62  1.4  80.   80.   58.    0.6   0.3   0.14
    15.658    1.78  1.62  1.38 80.   80.   58.    0.6   0.3   0.16
    15.774    1.78  1.64  1.42 80.   80.   58.    0.6   0.28  0.16
    15.802    1.76  1.63  1.42 82.   80.   56.    0.6   0.28  0.14
    15.823    1.78  1.62  1.4  80.   80.   58.    0.6   0.3   0.12
    15.863    1.78  1.64  1.42 80.   80.   58.    0.6   0.29  0.16
    15.896    1.77  1.62  1.4  82.   80.   56.    0.6   0.29  0.12
    15.936    1.77  1.64  1.4  82.   80.   56.    0.6   0.3   0.12
    16.041    1.78  1.62  1.42 82.   80.   58.    0.6   0.3   0.14
    16.168    1.78  1.63  1.42 80.   80.   58.    0.6   0.28  0.16
    16.201    1.76  1.62  1.4  82.   80.   56.    0.6   0.3   0.12
    16.260    1.78  1.62  1.4  82.   80.   56.    0.6   0.28  0.12
    16.303    1.78  1.64  1.4  82.   80.   56.    0.6   0.29  0.12
    16.476    1.76  1.64  1.4  80.   80.   58.    0.6   0.28  0.16
    16.477    1.78  1.63  1.42 80.   80.   58.    0.6   0.3   0.14
    16.627    1.76  1.64  1.4  80.   80.   58.    0.6   0.29  0.16
    16.641    1.77  1.64  1.38 82.   80.   56.    0.6   0.29  0.12
    16.678    1.77  1.63  1.42 82.   80.   56.    0.6   0.3   0.12
    16.686    1.78  1.63  1.4  80.   80.   58.    0.6   0.3   0.14
    16.691    1.78  1.63  1.42 82.   80.   56.    0.6   0.29  0.12
    16.716    1.76  1.64  1.38 82.   80.   56.    0.6   0.3   0.12
    16.777    1.76  1.62  1.38 82.   80.   56.    0.6   0.29  0.12
    16.779    1.78  1.64  1.38 82.   80.   56.    0.6   0.28  0.12
    16.795    1.76  1.63  1.4  80.   80.   58.    0.6   0.28  0.16
    16.806    1.77  1.62  1.38 82.   80.   56.    0.6   0.28  0.12
    16.843    1.77  1.62  1.42 80.   80.   58.    0.6   0.3   0.14
    16.890    1.77  1.62  1.4  80.   80.   58.    0.6   0.3   0.14
    16.978    1.78  1.62  1.4  82.   80.   58.    0.6   0.29  0.14
    17.061    1.77  1.64  1.42 80.   80.   58.    0.6   0.29  0.16
    17.111    1.77  1.64  1.42 80.   80.   58.    0.6   0.3   0.16
    17.145    1.77  1.63  1.42 80.   80.   58.    0.6   0.29  0.16
    17.159    1.78  1.62  1.42 80.   80.   58.    0.6   0.3   0.12
    17.349    1.78  1.62  1.38 80.   80.   58.    0.6   0.3   0.14
    17.420    1.77  1.62  1.42 80.   80.   58.    0.6   0.28  0.16
    17.489    1.77  1.63  1.42 80.   80.   58.    0.6   0.3   0.16
    17.572    1.77  1.62  1.38 82.   80.   58.    0.6   0.28  0.16
    17.604    1.78  1.63  1.38 80.   80.   58.    0.6   0.3   0.14
    17.640    1.78  1.62  1.4  80.   80.   58.    0.6   0.29  0.14
    17.714    1.77  1.62  1.38 80.   80.   58.    0.6   0.3   0.14
    17.754    1.77  1.63  1.4  82.   80.   56.    0.6   0.29  0.12
    17.770    1.77  1.62  1.42 80.   80.   58.    0.6   0.3   0.16
    17.783    1.78  1.64  1.38 80.   80.   58.    0.6   0.3   0.14
    17.819    1.78  1.62  1.38 80.   80.   58.    0.6   0.29  0.14
    17.879    1.77  1.63  1.42 80.   80.   58.    0.6   0.28  0.16
    17.886    1.78  1.64  1.4  80.   80.   58.    0.6   0.3   0.14
    17.923    1.76  1.63  1.4  82.   80.   56.    0.6   0.3   0.12
    17.931    1.76  1.64  1.42 82.   80.   56.    0.6   0.28  0.14
    17.948    1.76  1.62  1.42 80.   80.   58.    0.6   0.3   0.16
    17.965    1.78  1.63  1.38 80.   80.   58.    0.6   0.3   0.12
    17.989    1.78  1.62  1.42 80.   80.   58.    0.6   0.29  0.14
    17.996    1.77  1.64  1.42 80.   80.   58.    0.6   0.28  0.16
    18.072    1.78  1.63  1.38 80.   80.   58.    0.6   0.29  0.14
    18.170    1.76  1.63  1.42 80.   80.   58.    0.6   0.3   0.16
    18.311    1.76  1.64  1.42 80.   80.   58.    0.6   0.3   0.16
    18.348    1.78  1.64  1.38 80.   80.   58.    0.6   0.29  0.14
    18.371    1.78  1.64  1.42 80.   80.   58.    0.6   0.3   0.14
    18.391    1.77  1.63  1.38 80.   80.   58.    0.6   0.3   0.14
    18.441    1.76  1.62  1.42 80.   80.   58.    0.6   0.29  0.16
    18.488    1.77  1.63  1.4  80.   80.   58.    0.6   0.3   0.14
    18.536    1.76  1.62  1.42 82.   80.   56.    0.6   0.3   0.12
    18.539    1.77  1.62  1.38 80.   80.   58.    0.6   0.3   0.12
    18.543    1.77  1.62  1.42 82.   80.   56.    0.6   0.29  0.12
    18.575    1.78  1.62  1.38 80.   80.   58.    0.6   0.28  0.14
    18.584    1.78  1.63  1.4  82.   80.   56.    0.6   0.28  0.12
    18.804    1.77  1.64  1.42 82.   80.   56.    0.6   0.3   0.12
    18.816    1.77  1.63  1.38 82.   80.   56.    0.6   0.28  0.12
    18.842    1.76  1.63  1.42 80.   80.   58.    0.6   0.29  0.16
    18.881    1.78  1.63  1.4  80.   80.   58.    0.6   0.29  0.14
    18.905    1.76  1.62  1.38 80.   80.   58.    0.6   0.3   0.14
    18.918    1.76  1.63  1.38 82.   80.   56.    0.6   0.29  0.12
    18.932    1.78  1.63  1.38 80.   80.   58.    0.6   0.28  0.14
    18.956    1.77  1.62  1.38 80.   80.   58.    0.6   0.29  0.14
    18.958    1.77  1.64  1.38 80.   80.   58.    0.6   0.3   0.14
    18.970    1.78  1.63  1.4  80.   80.   58.    0.6   0.3   0.12
    19.085    1.78  1.62  1.42 82.   80.   56.    0.6   0.28  0.12
    19.141    1.76  1.62  1.4  80.   80.   58.    0.6   0.3   0.14
    19.212    1.77  1.63  1.42 80.   80.   58.    0.6   0.3   0.14
    19.234    1.76  1.63  1.38 82.   80.   58.    0.6   0.29  0.16
    19.394    1.78  1.64  1.38 80.   80.   58.    0.6   0.28  0.14
    19.594    1.76  1.62  1.42 80.   80.   58.    0.6   0.28  0.16
    19.716    1.77  1.63  1.38 80.   80.   58.    0.6   0.29  0.14
    19.723    1.77  1.62  1.4  80.   80.   58.    0.6   0.3   0.12
    19.755    1.78  1.64  1.42 82.   80.   56.    0.6   0.29  0.12
    19.767    1.76  1.64  1.42 80.   80.   58.    0.6   0.29  0.16
    19.788    1.77  1.62  1.4  80.   80.   58.    0.6   0.29  0.14
    19.887    1.76  1.62  1.4  82.   80.   56.    0.6   0.29  0.12
    19.976    1.78  1.64  1.4  80.   80.   58.    0.6   0.29  0.14
    19.979    1.76  1.62  1.42 80.   80.   58.    0.6   0.3   0.14
    19.983    1.78  1.63  1.42 80.   80.   58.    0.6   0.29  0.14
    20.042    1.76  1.64  1.4  82.   80.   56.    0.6   0.3   0.12
    20.052    1.76  1.63  1.38 80.   80.   58.    0.6   0.3   0.14
    20.085    1.77  1.64  1.4  80.   80.   58.    0.6   0.3   0.14
    20.085    1.78  1.62  1.4  80.   80.   58.    0.6   0.28  0.14
    20.161    1.78  1.62  1.38 80.   80.   58.    0.6   0.29  0.12
    20.285    1.78  1.63  1.42 80.   80.   58.    0.6   0.3   0.12
    20.474    1.77  1.64  1.38 80.   80.   58.    0.6   0.29  0.14
    20.477    1.78  1.63  1.38 82.   80.   58.    0.6   0.29  0.16
    20.537    1.77  1.62  1.4  82.   80.   56.    0.6   0.28  0.12
    20.594    1.78  1.64  1.38 82.   80.   58.    0.6   0.29  0.16
    20.626    1.77  1.64  1.4  82.   80.   56.    0.6   0.29  0.12
    20.632    1.76  1.63  1.42 80.   80.   58.    0.6   0.28  0.16
    20.671    1.77  1.62  1.38 80.   80.   58.    0.6   0.28  0.14
    20.791    1.78  1.64  1.38 80.   80.   58.    0.6   0.3   0.12
    20.813    1.76  1.64  1.4  82.   80.   58.    0.6   0.3   0.16
    20.854    1.76  1.63  1.42 82.   80.   56.    0.6   0.3   0.12
    21.052    1.76  1.62  1.38 80.   80.   58.    0.6   0.29  0.14
    21.075    1.77  1.62  1.42 80.   80.   58.    0.6   0.29  0.14
    21.092    1.76  1.64  1.38 82.   80.   56.    0.6   0.29  0.12
    21.126    1.76  1.64  1.38 80.   80.   58.    0.6   0.3   0.14
    21.135    1.76  1.63  1.4  80.   80.   58.    0.6   0.3   0.14
    21.156    1.77  1.63  1.42 82.   80.   56.    0.6   0.29  0.12
    21.188    1.76  1.62  1.38 82.   80.   56.    0.6   0.28  0.12
    21.270    1.76  1.62  1.4  82.   80.   58.    0.6   0.29  0.16
    21.339    1.78  1.63  1.4  80.   80.   58.    0.6   0.28  0.14
    21.350    1.76  1.64  1.42 80.   80.   58.    0.6   0.28  0.16
    21.426    1.77  1.64  1.38 82.   80.   56.    0.6   0.28  0.12
    21.445    1.77  1.62  1.42 80.   80.   58.    0.6   0.3   0.12
    21.469    1.77  1.63  1.4  80.   80.   58.    0.6   0.29  0.14
    21.470    1.78  1.64  1.4  82.   80.   56.    0.6   0.28  0.12
    21.513    1.78  1.62  1.4  80.   80.   58.    0.6   0.29  0.12
    21.565    1.77  1.64  1.42 80.   80.   58.    0.6   0.3   0.14
    21.574    1.77  1.63  1.38 80.   80.   58.    0.6   0.28  0.14
    21.796    1.77  1.63  1.38 80.   80.   58.    0.6   0.3   0.12
    21.878    1.78  1.62  1.42 80.   80.   58.    0.6   0.28  0.14
    22.001    1.78  1.64  1.42 80.   80.   58.    0.6   0.29  0.14
    22.266    1.76  1.63  1.38 80.   80.   58.    0.6   0.29  0.14
    22.352    1.78  1.64  1.4  80.   80.   58.    0.6   0.3   0.12
    22.627    1.78  1.63  1.42 82.   80.   56.    0.6   0.28  0.12
    22.670    1.76  1.62  1.38 80.   80.   58.    0.6   0.3   0.12
    22.786    1.76  1.63  1.42 80.   80.   58.    0.6   0.3   0.14
    22.821    1.76  1.62  1.4  80.   80.   58.    0.6   0.29  0.14
    22.912    1.78  1.64  1.4  80.   80.   58.    0.6   0.28  0.14
    22.926    1.76  1.63  1.4  82.   80.   56.    0.6   0.29  0.12
    23.043    1.77  1.64  1.4  80.   80.   58.    0.6   0.29  0.14
    23.090    1.78  1.62  1.42 80.   80.   58.    0.6   0.29  0.12
    23.097    1.77  1.62  1.4  80.   80.   58.    0.6   0.28  0.14
    23.192    1.78  1.63  1.38 80.   80.   58.    0.6   0.29  0.12
    23.198    1.77  1.64  1.38 80.   80.   58.    0.6   0.28  0.14
    23.214    1.76  1.64  1.4  80.   80.   58.    0.6   0.3   0.14
    23.296    1.78  1.62  1.38 82.   80.   58.    0.6   0.28  0.16
    23.324    1.77  1.62  1.4  82.   80.   58.    0.6   0.3   0.14
    23.336    1.76  1.62  1.42 82.   80.   56.    0.6   0.29  0.12
    23.427    1.78  1.62  1.4  82.   80.   58.    0.6   0.29  0.16
    23.434    1.77  1.63  1.4  80.   80.   58.    0.6   0.3   0.12
    23.451    1.77  1.63  1.4  82.   80.   56.    0.6   0.28  0.12
    23.535    1.77  1.63  1.42 80.   80.   58.    0.6   0.29  0.14
    23.618    1.76  1.64  1.38 80.   80.   58.    0.6   0.29  0.14
    23.724    1.76  1.64  1.42 82.   80.   56.    0.6   0.3   0.12
    23.727    1.76  1.62  1.38 80.   80.   58.    0.6   0.28  0.14
    23.866    1.77  1.63  1.4  82.   80.   58.    0.6   0.3   0.16
    23.959    1.76  1.63  1.38 82.   80.   56.    0.6   0.28  0.12
    24.084    1.78  1.64  1.42 80.   80.   58.    0.6   0.3   0.12
    24.108    1.78  1.63  1.42 80.   80.   58.    0.6   0.28  0.14
    24.362    1.77  1.62  1.38 80.   80.   58.    0.6   0.29  0.12
    24.406    1.76  1.62  1.4  80.   80.   58.    0.6   0.3   0.12
    24.604    1.77  1.62  1.42 82.   80.   56.    0.6   0.28  0.12
    24.824    1.77  1.64  1.42 82.   80.   56.    0.6   0.29  0.12
    25.013    1.77  1.63  1.4  80.   80.   58.    0.6   0.28  0.14
    25.017    1.76  1.63  1.4  80.   80.   58.    0.6   0.29  0.14
    25.054    1.76  1.62  1.42 80.   80.   58.    0.6   0.29  0.14
    25.130    1.77  1.64  1.38 80.   80.   58.    0.6   0.3   0.12
    25.145    1.78  1.63  1.4  80.   80.   58.    0.6   0.29  0.12
    25.199    1.77  1.63  1.42 80.   80.   58.    0.6   0.3   0.12
    25.324    1.76  1.63  1.38 80.   80.   58.    0.6   0.28  0.14
    25.628    1.76  1.64  1.42 80.   80.   58.    0.6   0.3   0.14
    25.669    1.77  1.62  1.38 82.   80.   58.    0.6   0.29  0.16
    25.867    1.77  1.62  1.42 80.   80.   58.    0.6   0.28  0.14
    25.875    1.76  1.62  1.4  82.   80.   56.    0.6   0.28  0.12
    25.917    1.78  1.62  1.38 80.   80.   58.    0.6   0.28  0.12
    25.968    1.76  1.64  1.4  82.   80.   56.    0.6   0.29  0.12
    26.051    1.77  1.64  1.42 80.   80.   58.    0.6   0.29  0.14
    26.163    1.78  1.64  1.42 82.   80.   56.    0.6   0.28  0.12
    26.272    1.78  1.64  1.38 80.   80.   58.    0.6   0.29  0.12
    26.369    1.77  1.62  1.4  80.   80.   58.    0.6   0.29  0.12
    26.420    1.76  1.63  1.38 80.   80.   58.    0.6   0.3   0.12
    26.486    1.76  1.62  1.42 80.   80.   58.    0.6   0.3   0.12
    26.754    1.78  1.64  1.42 80.   80.   58.    0.6   0.28  0.14
    26.922    1.77  1.64  1.4  82.   80.   56.    0.6   0.28  0.12
    26.923    1.77  1.63  1.4  82.   80.   58.    0.6   0.29  0.16
    27.125    1.76  1.63  1.42 82.   80.   56.    0.6   0.29  0.12
    27.217    1.78  1.63  1.42 80.   80.   58.    0.6   0.29  0.12
    27.235    1.76  1.64  1.38 82.   80.   56.    0.6   0.28  0.12
    27.242    1.76  1.62  1.4  80.   80.   58.    0.6   0.28  0.14
    27.295    1.76  1.64  1.4  80.   80.   58.    0.6   0.29  0.14
    27.306    1.77  1.64  1.4  80.   80.   58.    0.6   0.28  0.14
    27.319    1.77  1.64  1.4  80.   80.   58.    0.6   0.3   0.12
    27.708    1.76  1.64  1.38 80.   80.   58.    0.6   0.28  0.14
    27.864    1.77  1.63  1.38 80.   80.   58.    0.6   0.29  0.12
    27.936    1.77  1.64  1.38 82.   80.   58.    0.6   0.3   0.16
    28.009    1.78  1.64  1.4  82.   80.   58.    0.6   0.3   0.16
    28.027    1.76  1.63  1.42 80.   80.   58.    0.6   0.29  0.14
    28.214    1.77  1.63  1.42 82.   80.   56.    0.6   0.28  0.12
    28.334    1.78  1.62  1.4  80.   80.   58.    0.6   0.28  0.12
    28.413    1.77  1.62  1.42 80.   80.   58.    0.6   0.29  0.12
    28.673    1.76  1.63  1.4  80.   80.   58.    0.6   0.3   0.12
    28.741    1.77  1.63  1.42 80.   80.   58.    0.6   0.28  0.14
    28.875    1.78  1.64  1.4  80.   80.   58.    0.6   0.29  0.12
    29.090    1.76  1.62  1.4  82.   80.   58.    0.6   0.3   0.16
    29.311    1.78  1.63  1.38 80.   80.   58.    0.6   0.28  0.12
    29.396    1.76  1.62  1.38 80.   80.   58.    0.6   0.29  0.12
    29.415    1.76  1.63  1.4  82.   80.   58.    0.6   0.3   0.16
    29.424    1.76  1.63  1.4  82.   80.   56.    0.6   0.28  0.12
    29.525    1.77  1.64  1.42 80.   80.   58.    0.6   0.3   0.12
    29.890    1.76  1.63  1.4  80.   80.   58.    0.6   0.28  0.14
    30.269    1.76  1.64  1.38 80.   80.   58.    0.6   0.3   0.12
    30.447    1.77  1.63  1.4  80.   80.   58.    0.6   0.29  0.12
    30.572    1.76  1.62  1.42 82.   80.   56.    0.6   0.28  0.12
    30.605    1.78  1.63  1.42 82.   80.   58.    0.6   0.29  0.16
    30.789    1.78  1.62  1.42 80.   80.   58.    0.6   0.28  0.12
    30.812    1.76  1.64  1.42 82.   80.   56.    0.6   0.29  0.12
    30.854    1.76  1.63  1.42 80.   80.   58.    0.6   0.3   0.12
    30.978    1.76  1.62  1.42 80.   80.   58.    0.6   0.28  0.14
    31.000    1.78  1.64  1.4  82.   80.   58.    0.6   0.29  0.16
    31.072    1.77  1.62  1.38 80.   80.   58.    0.6   0.28  0.12
    31.227    1.76  1.64  1.42 80.   80.   58.    0.6   0.29  0.14
    31.366    1.76  1.63  1.38 82.   80.   58.    0.6   0.3   0.16
    31.390    1.78  1.62  1.38 82.   80.   58.    0.6   0.3   0.14
    31.444    1.78  1.64  1.42 80.   80.   58.    0.6   0.29  0.12
    31.536    1.77  1.64  1.38 80.   80.   58.    0.6   0.29  0.12
    31.574    1.77  1.64  1.42 82.   80.   58.    0.6   0.3   0.16
    31.725    1.76  1.62  1.38 82.   80.   58.    0.6   0.3   0.14
    31.770    1.78  1.62  1.4  82.   80.   58.    0.6   0.28  0.16
    31.973    1.76  1.62  1.4  80.   80.   58.    0.6   0.29  0.12
    32.175    1.77  1.64  1.42 80.   80.   58.    0.6   0.28  0.14
    32.308    1.77  1.64  1.42 82.   80.   56.    0.6   0.28  0.12
    32.379    1.78  1.63  1.4  80.   80.   58.    0.6   0.28  0.12
    32.541    1.78  1.63  1.42 82.   80.   58.    0.6   0.3   0.16
    32.936    1.76  1.64  1.4  80.   80.   58.    0.6   0.28  0.14
    33.020    1.76  1.64  1.4  80.   80.   58.    0.6   0.3   0.12
    33.026    1.77  1.63  1.42 80.   80.   58.    0.6   0.29  0.12
    33.232    1.78  1.64  1.38 80.   80.   58.    0.6   0.28  0.12
    33.413    1.77  1.62  1.4  82.   80.   58.    0.6   0.29  0.16
    33.491    1.76  1.64  1.4  82.   80.   56.    0.6   0.28  0.12
    33.505    1.76  1.63  1.38 80.   80.   58.    0.6   0.29  0.12
    33.810    1.77  1.62  1.42 82.   80.   58.    0.6   0.3   0.16
    33.832    1.78  1.63  1.4  82.   80.   58.    0.6   0.3   0.14
    34.069    1.76  1.63  1.42 82.   80.   58.    0.6   0.3   0.16
    34.127    1.77  1.62  1.4  80.   80.   58.    0.6   0.28  0.12
    34.429    1.77  1.63  1.38 82.   80.   58.    0.6   0.29  0.16
    34.478    1.76  1.62  1.42 80.   80.   58.    0.6   0.29  0.12
    34.666    1.76  1.63  1.42 80.   80.   58.    0.6   0.28  0.14
    34.695    1.78  1.62  1.4  82.   80.   58.    0.6   0.3   0.14
    34.801    1.76  1.63  1.42 82.   80.   56.    0.6   0.28  0.12
    34.808    1.77  1.64  1.4  80.   80.   58.    0.6   0.29  0.12
    35.246    1.77  1.63  1.38 80.   80.   58.    0.6   0.28  0.12
    35.298    1.78  1.63  1.42 80.   80.   58.    0.6   0.28  0.12
    35.614    1.76  1.64  1.42 80.   80.   58.    0.6   0.3   0.12
    36.000    1.77  1.62  1.42 82.   80.   58.    0.6   0.29  0.16
    36.661    1.76  1.63  1.4  80.   80.   58.    0.6   0.29  0.12
    36.985    1.77  1.62  1.42 80.   80.   58.    0.6   0.28  0.12
    37.004    1.78  1.64  1.4  80.   80.   58.    0.6   0.28  0.12
    37.439    1.76  1.62  1.38 80.   80.   58.    0.6   0.28  0.12
    37.753    1.77  1.64  1.42 80.   80.   58.    0.6   0.29  0.12
    37.929    1.77  1.64  1.4  82.   80.   58.    0.6   0.3   0.16
    38.049    1.76  1.64  1.38 80.   80.   58.    0.6   0.29  0.12
    38.871    1.76  1.64  1.42 80.   80.   58.    0.6   0.28  0.14
    39.013    1.77  1.63  1.4  80.   80.   58.    0.6   0.28  0.12
    39.469    1.76  1.64  1.42 82.   80.   56.    0.6   0.28  0.12
    39.540    1.76  1.63  1.42 80.   80.   58.    0.6   0.29  0.12
    39.716    1.77  1.63  1.38 82.   80.   58.    0.6   0.3   0.14
    39.971    1.77  1.64  1.38 80.   80.   58.    0.6   0.28  0.12
    40.308    1.78  1.64  1.42 80.   80.   58.    0.6   0.28  0.12
    41.033    1.78  1.64  1.38 82.   80.   58.    0.6   0.3   0.14
    41.052    1.76  1.62  1.4  80.   80.   58.    0.6   0.28  0.12
    41.112    1.76  1.64  1.38 82.   80.   58.    0.6   0.3   0.16
    41.367    1.78  1.63  1.4  82.   80.   58.    0.6   0.29  0.16
    41.911    1.76  1.64  1.4  80.   80.   58.    0.6   0.29  0.12
    42.274    1.77  1.63  1.42 80.   80.   58.    0.6   0.28  0.12
    42.504    1.76  1.63  1.38 80.   80.   58.    0.6   0.28  0.12
    43.494    1.76  1.62  1.38 82.   80.   58.    0.6   0.29  0.16
    44.196    1.76  1.62  1.42 80.   80.   58.    0.6   0.28  0.12
    44.340    1.77  1.64  1.4  80.   80.   58.    0.6   0.28  0.12
    45.135    1.76  1.64  1.42 80.   80.   58.    0.6   0.29  0.12
    46.395    1.78  1.62  1.42 82.   80.   58.    0.6   0.29  0.16
    46.805    1.78  1.62  1.38 82.   80.   58.    0.6   0.29  0.14
    46.810    1.76  1.63  1.4  80.   80.   58.    0.6   0.28  0.12
    47.381    1.78  1.64  1.42 82.   80.   58.    0.6   0.3   0.16
    47.722    1.76  1.64  1.38 80.   80.   58.    0.6   0.28  0.12
    47.933    1.77  1.64  1.42 80.   80.   58.    0.6   0.28  0.12
    50.010    1.77  1.62  1.38 82.   80.   58.    0.6   0.3   0.14
    50.282    1.76  1.63  1.42 80.   80.   58.    0.6   0.28  0.12
    52.383    1.76  1.64  1.4  80.   80.   58.    0.6   0.28  0.12
    56.073    1.76  1.64  1.42 80.   80.   58.    0.6   0.28  0.12
    62.065    1.78  1.63  1.38 82.   80.   58.    0.6   0.3   0.14
    63.693    1.76  1.64  1.38 80.   80.   56.    0.6   0.28  0.16
    63.756    1.77  1.63  1.42 82.   80.   58.    0.6   0.3   0.16
    65.513    1.77  1.64  1.38 80.   80.   56.    0.6   0.28  0.16
    67.027    1.77  1.62  1.38 80.   80.   56.    0.6   0.3   0.16
    67.236    1.78  1.62  1.38 80.   80.   56.    0.6   0.3   0.16
    68.421    1.78  1.64  1.38 80.   80.   56.    0.6   0.28  0.16
    71.701    1.76  1.62  1.42 82.   80.   58.    0.6   0.3   0.16
    72.348    1.76  1.63  1.38 80.   80.   56.    0.6   0.28  0.16
    74.194    1.76  1.64  1.4  80.   80.   56.    0.6   0.28  0.16
    74.517    1.77  1.64  1.4  80.   80.   56.    0.6   0.28  0.16
    74.934    1.77  1.63  1.38 80.   80.   56.    0.6   0.28  0.16
    75.625    1.78  1.64  1.4  80.   80.   56.    0.6   0.28  0.16
    78.298    1.78  1.63  1.38 80.   80.   56.    0.6   0.28  0.16
    79.371    1.76  1.64  1.38 80.   80.   56.    0.6   0.29  0.16
    81.880    1.76  1.63  1.4  80.   80.   56.    0.6   0.28  0.16
    81.898    1.76  1.62  1.38 80.   80.   56.    0.6   0.28  0.16
    82.113    1.78  1.64  1.42 80.   80.   56.    0.6   0.28  0.16
    82.309    1.77  1.63  1.4  80.   80.   56.    0.6   0.28  0.16
    82.392    1.77  1.64  1.38 80.   80.   56.    0.6   0.29  0.16
    82.912    1.78  1.63  1.4  80.   80.   56.    0.6   0.28  0.16
    83.432    1.77  1.64  1.42 80.   80.   56.    0.6   0.28  0.16
    84.697    1.77  1.62  1.38 80.   80.   56.    0.6   0.28  0.16
    85.494    1.78  1.64  1.38 80.   80.   56.    0.6   0.29  0.16
    85.532    1.76  1.64  1.42 80.   80.   56.    0.6   0.28  0.16
    86.658    1.78  1.64  1.4  80.   80.   56.    0.6   0.29  0.16
    86.828    1.78  1.63  1.42 80.   80.   56.    0.6   0.28  0.16
    87.127    1.78  1.62  1.38 80.   80.   56.    0.6   0.28  0.16
    87.291    1.76  1.64  1.4  80.   80.   56.    0.6   0.29  0.16
    87.341    1.78  1.62  1.4  80.   80.   56.    0.6   0.28  0.16
    87.466    1.77  1.64  1.4  80.   80.   56.    0.6   0.29  0.16
    87.529    1.78  1.62  1.38 78.   80.   58.    0.6   0.3   0.12
    87.674    1.78  1.62  1.4  78.   80.   58.    0.6   0.3   0.14
    87.695    1.78  1.62  1.42 78.   80.   58.    0.6   0.3   0.14
    88.489    1.78  1.62  1.4  78.   80.   58.    0.6   0.3   0.12
    88.504    1.78  1.62  1.38 78.   80.   58.    0.6   0.3   0.14
    88.602    1.77  1.62  1.4  80.   80.   56.    0.6   0.28  0.16
    88.627    1.78  1.64  1.42 80.   80.   56.    0.6   0.29  0.16
    88.720    1.76  1.63  1.38 80.   80.   56.    0.6   0.29  0.16
    89.062    1.78  1.62  1.42 80.   80.   56.    0.6   0.28  0.16
    89.130    1.76  1.62  1.4  80.   80.   56.    0.6   0.28  0.16
    89.299    1.77  1.63  1.42 80.   80.   56.    0.6   0.28  0.16
    89.657    1.78  1.62  1.42 78.   80.   58.    0.6   0.3   0.16
    89.801    1.78  1.62  1.42 78.   80.   58.    0.6   0.3   0.12
    89.862    1.78  1.64  1.38 80.   80.   56.    0.6   0.28  0.14
    90.041    1.78  1.63  1.4  80.   80.   56.    0.6   0.29  0.16
    90.381    1.77  1.63  1.38 80.   80.   56.    0.6   0.29  0.16
    90.636    1.78  1.62  1.42 80.   80.   56.    0.6   0.3   0.14
    90.775    1.78  1.63  1.42 80.   80.   56.    0.6   0.29  0.16
    90.847    1.78  1.63  1.4  78.   80.   58.    0.6   0.3   0.14
    91.099    1.78  1.63  1.42 78.   80.   58.    0.6   0.3   0.14
    91.112    1.78  1.62  1.4  80.   80.   56.    0.6   0.3   0.14
    91.122    1.78  1.63  1.38 78.   80.   58.    0.6   0.3   0.12
    91.204    1.77  1.63  1.4  80.   80.   56.    0.6   0.29  0.16
    91.268    1.77  1.64  1.42 80.   80.   56.    0.6   0.29  0.16
    91.377    1.76  1.63  1.42 80.   80.   56.    0.6   0.28  0.16
    91.424    1.77  1.62  1.4  78.   80.   58.    0.6   0.3   0.14
    91.466    1.78  1.63  1.38 78.   80.   58.    0.6   0.3   0.14
    91.533    1.78  1.62  1.38 80.   80.   56.    0.6   0.3   0.12
    91.572    1.77  1.62  1.38 78.   80.   58.    0.6   0.3   0.14
    91.757    1.78  1.63  1.38 80.   80.   56.    0.6   0.29  0.16
    91.785    1.77  1.62  1.42 80.   80.   56.    0.6   0.28  0.16
    91.875    1.78  1.62  1.4  78.   80.   58.    0.6   0.3   0.16
    92.174    1.77  1.62  1.42 78.   80.   58.    0.6   0.3   0.14
    92.211    1.78  1.64  1.42 80.   80.   56.    0.6   0.3   0.16
    92.307    1.77  1.62  1.38 78.   80.   58.    0.6   0.3   0.12
    92.322    1.78  1.63  1.4  78.   80.   58.    0.6   0.3   0.12
    92.349    1.78  1.63  1.42 78.   80.   58.    0.6   0.3   0.16
    92.390    1.78  1.63  1.42 80.   80.   56.    0.6   0.3   0.14
    92.431    1.78  1.62  1.4  78.   80.   58.    0.6   0.29  0.14
    92.449    1.78  1.62  1.4  80.   80.   56.    0.6   0.3   0.12
    92.466    1.76  1.63  1.4  80.   80.   56.    0.6   0.29  0.16
    92.518    1.78  1.63  1.38 80.   80.   56.    0.6   0.28  0.14
    92.595    1.78  1.62  1.42 80.   80.   56.    0.6   0.29  0.16
    92.684    1.78  1.62  1.38 80.   80.   56.    0.6   0.3   0.14
    92.737    1.77  1.62  1.42 78.   80.   58.    0.6   0.3   0.16
    92.869    1.78  1.62  1.42 78.   80.   58.    0.6   0.29  0.14
    92.927    1.78  1.62  1.38 78.   80.   58.    0.6   0.29  0.12
    93.005    1.78  1.62  1.38 78.   80.   58.    0.6   0.29  0.14
    93.021    1.78  1.64  1.4  80.   80.   56.    0.6   0.3   0.16
    93.255    1.76  1.64  1.38 80.   80.   56.    0.6   0.3   0.16
    93.335    1.77  1.63  1.42 80.   80.   56.    0.6   0.29  0.16
    93.507    1.77  1.64  1.38 80.   80.   56.    0.6   0.28  0.14
    93.541    1.78  1.64  1.4  78.   80.   58.    0.6   0.3   0.14
    93.585    1.78  1.64  1.38 80.   80.   56.    0.6   0.29  0.14
    93.705    1.78  1.63  1.42 78.   80.   58.    0.6   0.3   0.12
    93.719    1.77  1.64  1.4  80.   80.   56.    0.6   0.3   0.16
    93.769    1.78  1.62  1.42 78.   80.   58.    0.6   0.29  0.16
    93.782    1.78  1.62  1.38 80.   80.   56.    0.6   0.28  0.14
    93.787    1.78  1.62  1.42 80.   80.   56.    0.6   0.3   0.12
    93.865    1.78  1.63  1.38 80.   80.   56.    0.6   0.3   0.12
    93.918    1.78  1.64  1.42 78.   80.   58.    0.6   0.3   0.14
    93.961    1.78  1.63  1.42 80.   80.   56.    0.6   0.3   0.16
    93.984    1.78  1.62  1.4  80.   80.   56.    0.6   0.29  0.16
    93.986    1.77  1.62  1.4  78.   80.   58.    0.6   0.3   0.12
    93.990    1.76  1.64  1.42 80.   80.   56.    0.6   0.29  0.16
    94.031    1.78  1.64  1.38 78.   80.   58.    0.6   0.3   0.12
    94.095    1.78  1.63  1.4  78.   80.   58.    0.6   0.3   0.16
    94.122    1.78  1.64  1.38 78.   80.   58.    0.6   0.3   0.14
    94.326    1.77  1.63  1.4  78.   80.   58.    0.6   0.3   0.14
    94.340    1.78  1.63  1.4  80.   80.   56.    0.6   0.3   0.14
    94.404    1.77  1.62  1.4  78.   80.   58.    0.6   0.3   0.16
    94.405    1.78  1.62  1.4  78.   80.   58.    0.6   0.29  0.12
    94.406    1.77  1.64  1.38 80.   80.   56.    0.6   0.3   0.16
    94.440    1.77  1.63  1.38 78.   80.   58.    0.6   0.3   0.14
    94.469    1.78  1.64  1.4  80.   80.   56.    0.6   0.28  0.14
    94.538    1.76  1.62  1.38 80.   80.   56.    0.6   0.29  0.16
    94.561    1.76  1.62  1.38 78.   80.   58.    0.6   0.3   0.14
    94.561    1.78  1.63  1.38 80.   80.   56.    0.6   0.29  0.14
    94.569    1.77  1.62  1.4  80.   80.   56.    0.6   0.29  0.16
    94.674    1.76  1.64  1.4  80.   80.   56.    0.6   0.3   0.16
    94.747    1.76  1.62  1.42 80.   80.   56.    0.6   0.28  0.16
    94.778    1.77  1.64  1.42 80.   80.   56.    0.6   0.3   0.16
    94.795    1.77  1.62  1.4  80.   80.   56.    0.6   0.3   0.14
    94.816    1.78  1.64  1.42 78.   80.   58.    0.6   0.3   0.16
    94.846    1.77  1.62  1.42 80.   80.   56.    0.6   0.3   0.14
    94.892    1.76  1.62  1.4  78.   80.   58.    0.6   0.3   0.14
    94.895    1.78  1.63  1.4  80.   80.   56.    0.6   0.3   0.12
    94.910    1.78  1.62  1.38 80.   80.   56.    0.6   0.29  0.14
    95.023    1.77  1.62  1.42 80.   80.   56.    0.6   0.29  0.16
    95.033    1.78  1.64  1.38 80.   80.   56.    0.6   0.3   0.14
    95.056    1.78  1.62  1.42 80.   80.   56.    0.6   0.3   0.16
    95.062    1.78  1.62  1.4  80.   80.   56.    0.6   0.29  0.14
    95.092    1.78  1.63  1.38 80.   80.   56.    0.6   0.3   0.14
    95.185    1.78  1.63  1.4  78.   80.   58.    0.6   0.29  0.14
    95.188    1.77  1.63  1.42 78.   80.   58.    0.6   0.3   0.14
    95.255    1.78  1.62  1.4  78.   80.   58.    0.6   0.29  0.16
    95.257    1.77  1.63  1.38 78.   80.   58.    0.6   0.3   0.12
    95.290    1.77  1.63  1.42 78.   80.   58.    0.6   0.3   0.16
    95.370    1.78  1.64  1.4  80.   80.   56.    0.6   0.3   0.14
    95.459    1.78  1.62  1.38 80.   80.   56.    0.6   0.29  0.12
    95.462    1.76  1.62  1.4  80.   80.   56.    0.6   0.29  0.16
    95.465    1.78  1.63  1.38 78.   80.   58.    0.6   0.29  0.14
    95.504    1.78  1.62  1.42 80.   80.   56.    0.6   0.29  0.14
    95.598    1.78  1.62  1.38 78.   80.   58.    0.6   0.3   0.16
    95.598    1.78  1.64  1.4  78.   80.   58.    0.6   0.3   0.12
    95.616    1.78  1.63  1.4  80.   80.   56.    0.6   0.28  0.14
    95.633    1.78  1.63  1.42 78.   80.   58.    0.6   0.29  0.14
    95.641    1.77  1.62  1.38 80.   80.   56.    0.6   0.29  0.16
    95.680    1.78  1.63  1.38 78.   80.   58.    0.6   0.29  0.12
    95.770    1.76  1.62  1.42 78.   80.   58.    0.6   0.3   0.16
    95.793    1.77  1.62  1.42 78.   80.   58.    0.6   0.3   0.12
    95.856    1.78  1.63  1.4  80.   80.   56.    0.6   0.29  0.14
    95.891    1.78  1.64  1.4  80.   80.   56.    0.6   0.29  0.14
    95.898    1.77  1.62  1.4  78.   80.   58.    0.6   0.29  0.14
    95.900    1.78  1.64  1.42 80.   80.   56.    0.6   0.3   0.14
    95.954    1.78  1.63  1.42 78.   80.   58.    0.6   0.29  0.16
    95.955    1.78  1.62  1.42 78.   80.   58.    0.6   0.29  0.12
    95.961    1.78  1.64  1.38 80.   80.   56.    0.6   0.3   0.12
    95.995    1.77  1.63  1.38 80.   80.   56.    0.6   0.28  0.14
    96.031    1.76  1.63  1.42 80.   80.   56.    0.6   0.29  0.16
    96.070    1.77  1.62  1.38 78.   80.   58.    0.6   0.29  0.14
    96.164    1.76  1.62  1.42 78.   80.   58.    0.6   0.3   0.14
    96.206    1.78  1.62  1.4  80.   80.   56.    0.6   0.28  0.14
    96.230    1.77  1.63  1.42 80.   80.   56.    0.6   0.3   0.16
    96.292    1.78  1.64  1.38 80.   80.   56.    0.6   0.3   0.16
    96.348    1.77  1.62  1.38 80.   80.   56.    0.6   0.3   0.12
    96.361    1.78  1.64  1.4  78.   80.   58.    0.6   0.3   0.16
    96.363    1.76  1.62  1.38 78.   80.   58.    0.6   0.3   0.12
    96.398    1.78  1.63  1.42 80.   80.   56.    0.6   0.3   0.12
    96.582    1.78  1.62  1.4  80.   80.   56.    0.6   0.29  0.12
    96.732    1.77  1.63  1.4  78.   80.   58.    0.6   0.3   0.16
    96.737    1.77  1.62  1.42 78.   80.   58.    0.6   0.29  0.14
    96.771    1.77  1.62  1.38 78.   80.   58.    0.6   0.29  0.12
    96.777    1.77  1.62  1.42 78.   80.   58.    0.6   0.29  0.16
    96.864    1.78  1.63  1.4  80.   80.   56.    0.6   0.3   0.16
    96.913    1.78  1.62  1.4  78.   80.   58.    0.6   0.28  0.14
    96.936    1.77  1.63  1.42 80.   80.   56.    0.6   0.3   0.14
    96.938    1.78  1.63  1.42 80.   80.   56.    0.6   0.29  0.14
    96.969    1.77  1.64  1.38 80.   80.   56.    0.6   0.29  0.14
    97.051    1.78  1.64  1.4  80.   80.   56.    0.6   0.3   0.12
    97.051    1.77  1.64  1.4  78.   80.   58.    0.6   0.3   0.14
    97.100    1.78  1.62  1.38 78.   80.   58.    0.6   0.28  0.14
    97.121    1.78  1.64  1.42 78.   80.   58.    0.6   0.3   0.12
    97.165    1.77  1.63  1.4  78.   80.   58.    0.6   0.3   0.12
    97.205    1.78  1.62  1.42 78.   80.   58.    0.6   0.28  0.16
    97.237    1.77  1.64  1.38 78.   80.   58.    0.6   0.3   0.14
    97.290    1.78  1.63  1.38 78.   80.   58.    0.6   0.3   0.16
    97.300    1.77  1.62  1.38 80.   80.   56.    0.6   0.28  0.14
    97.307    1.78  1.63  1.4  78.   80.   58.    0.6   0.29  0.12
    97.308    1.76  1.64  1.42 80.   80.   56.    0.6   0.3   0.16
    97.316    1.76  1.62  1.4  78.   80.   58.    0.6   0.3   0.16
    97.324    1.77  1.63  1.4  80.   80.   56.    0.6   0.3   0.16
    97.348    1.77  1.62  1.42 80.   80.   56.    0.6   0.3   0.16
    97.432    1.78  1.62  1.38 78.   80.   58.    0.6   0.28  0.12
    97.434    1.78  1.63  1.38 80.   80.   56.    0.6   0.29  0.12
    97.477    1.78  1.62  1.42 78.   80.   58.    0.6   0.28  0.14
    97.487    1.78  1.63  1.4  78.   80.   58.    0.6   0.29  0.16
    97.577    1.78  1.62  1.38 80.   80.   56.    0.6   0.29  0.16
    97.580    1.77  1.62  1.38 78.   80.   58.    0.6   0.3   0.16
    97.588    1.78  1.64  1.42 80.   80.   56.    0.6   0.29  0.14
    97.612    1.76  1.63  1.38 78.   80.   58.    0.6   0.3   0.14
    97.658    1.76  1.62  1.42 80.   80.   56.    0.6   0.29  0.16
    97.724    1.78  1.64  1.4  78.   80.   58.    0.6   0.29  0.14
    97.736    1.76  1.63  1.4  78.   80.   58.    0.6   0.3   0.14
    97.755    1.77  1.62  1.4  80.   80.   56.    0.6   0.3   0.12
    97.810    1.78  1.62  1.42 80.   80.   56.    0.6   0.28  0.14
    97.813    1.77  1.64  1.42 78.   80.   58.    0.6   0.3   0.16
    97.835    1.76  1.64  1.38 80.   80.   56.    0.6   0.28  0.14
    97.846    1.77  1.64  1.42 78.   80.   58.    0.6   0.3   0.14
    97.866    1.76  1.63  1.4  80.   80.   56.    0.6   0.3   0.16
    97.866    1.77  1.64  1.38 78.   80.   58.    0.6   0.3   0.12
    97.905    1.77  1.63  1.38 80.   80.   56.    0.6   0.29  0.14
    97.957    1.78  1.62  1.38 78.   80.   58.    0.6   0.29  0.16
    97.989    1.76  1.63  1.38 80.   80.   56.    0.6   0.3   0.16
    98.014    1.78  1.64  1.38 78.   80.   58.    0.6   0.29  0.14
    98.031    1.78  1.64  1.42 78.   80.   58.    0.6   0.29  0.16
    98.048    1.77  1.62  1.38 80.   80.   56.    0.6   0.3   0.14
    98.117    1.78  1.62  1.42 80.   80.   56.    0.6   0.29  0.12
    98.119    1.78  1.64  1.42 80.   80.   56.    0.6   0.28  0.14
    98.145    1.78  1.64  1.42 78.   80.   58.    0.6   0.29  0.14
    98.158    1.77  1.62  1.4  78.   80.   58.    0.6   0.29  0.16
    98.201    1.78  1.63  1.42 80.   80.   56.    0.6   0.28  0.14
    98.338    1.78  1.64  1.38 78.   80.   58.    0.6   0.29  0.12
    98.354    1.77  1.62  1.38 80.   80.   56.    0.6   0.29  0.14
    98.380    1.77  1.63  1.38 80.   80.   56.    0.6   0.3   0.14
    98.410    1.77  1.64  1.38 80.   80.   56.    0.6   0.3   0.14
    98.499    1.77  1.63  1.4  80.   80.   56.    0.6   0.3   0.14
    98.534    1.78  1.64  1.42 80.   80.   56.    0.6   0.3   0.12
    98.559    1.78  1.63  1.4  80.   80.   56.    0.6   0.29  0.12
    98.561    1.76  1.63  1.42 78.   80.   58.    0.6   0.3   0.16
    98.735    1.76  1.62  1.4  78.   80.   58.    0.6   0.3   0.12
    98.768    1.77  1.63  1.38 78.   80.   58.    0.6   0.29  0.14
    98.785    1.77  1.63  1.4  78.   80.   58.    0.6   0.29  0.14
    98.786    1.78  1.64  1.38 80.   80.   56.    0.6   0.29  0.12
    98.790    1.76  1.63  1.42 80.   80.   56.    0.6   0.3   0.16
    98.798    1.77  1.63  1.38 80.   80.   56.    0.6   0.3   0.12
    98.809    1.78  1.62  1.38 80.   80.   56.    0.6   0.28  0.12
    98.812    1.77  1.62  1.4  78.   80.   58.    0.6   0.29  0.12
    98.821    1.76  1.63  1.38 78.   80.   58.    0.6   0.3   0.12
    98.847    1.76  1.63  1.42 78.   80.   58.    0.6   0.3   0.14
    99.011    1.78  1.62  1.4  80.   80.   56.    0.6   0.3   0.16
    99.102    1.78  1.63  1.42 78.   80.   58.    0.6   0.29  0.12
    99.126    1.78  1.62  1.4  78.   80.   58.    0.6   0.28  0.12
    99.152    1.77  1.63  1.42 78.   80.   58.    0.6   0.3   0.12
    99.165    1.77  1.63  1.42 78.   80.   58.    0.6   0.29  0.16
    99.173    1.77  1.64  1.4  80.   80.   56.    0.6   0.28  0.14
    99.331    1.76  1.62  1.4  78.   80.   58.    0.6   0.29  0.14
    99.341    1.76  1.62  1.4  80.   80.   56.    0.6   0.3   0.14
    99.363    1.77  1.63  1.38 78.   80.   58.    0.6   0.29  0.12
    99.384    1.76  1.62  1.38 78.   80.   58.    0.6   0.29  0.14
    99.399    1.77  1.64  1.4  78.   80.   58.    0.6   0.3   0.16
    99.406    1.78  1.63  1.4  78.   80.   58.    0.6   0.28  0.14
    99.408    1.77  1.62  1.4  80.   80.   56.    0.6   0.29  0.14
    99.479    1.78  1.63  1.38 78.   80.   58.    0.6   0.28  0.14
    99.500    1.77  1.62  1.42 80.   80.   56.    0.6   0.3   0.12
    99.511    1.77  1.63  1.42 78.   80.   58.    0.6   0.29  0.14
    99.637    1.77  1.64  1.4  80.   80.   56.    0.6   0.3   0.14
    99.734    1.77  1.63  1.38 78.   80.   58.    0.6   0.3   0.16
    99.884    1.78  1.63  1.42 78.   80.   58.    0.6   0.28  0.14
    99.917    1.77  1.64  1.4  78.   80.   58.    0.6   0.3   0.12
    99.958    1.78  1.64  1.4  78.   80.   58.    0.6   0.29  0.12
    99.984    1.76  1.62  1.42 80.   80.   56.    0.6   0.3   0.14
   100.001    1.77  1.63  1.38 80.   80.   56.    0.6   0.3   0.16
   100.019    1.76  1.63  1.38 80.   80.   56.    0.6   0.28  0.14
   100.024    1.78  1.62  1.4  80.   80.   56.    0.6   0.28  0.12
   100.040    1.78  1.63  1.38 78.   80.   58.    0.6   0.28  0.12
   100.077    1.76  1.63  1.4  78.   80.   58.    0.6   0.3   0.16
   100.091    1.78  1.64  1.4  80.   80.   56.    0.6   0.29  0.12
   100.094    1.78  1.63  1.42 80.   80.   56.    0.6   0.29  0.12
   100.101    1.76  1.62  1.38 78.   80.   58.    0.6   0.29  0.12
   100.104    1.76  1.62  1.42 80.   80.   56.    0.6   0.3   0.16
   100.147    1.77  1.63  1.4  80.   80.   56.    0.6   0.3   0.12
   100.197    1.76  1.62  1.42 78.   80.   58.    0.6   0.29  0.16
   100.206    1.77  1.63  1.4  80.   80.   56.    0.6   0.28  0.14
   100.225    1.77  1.63  1.4  80.   80.   56.    0.6   0.29  0.14
   100.250    1.77  1.64  1.4  80.   80.   56.    0.6   0.29  0.14
   100.272    1.77  1.62  1.4  80.   80.   56.    0.6   0.3   0.16
   100.307    1.76  1.62  1.42 78.   80.   58.    0.6   0.29  0.14
   100.316    1.77  1.62  1.42 80.   80.   56.    0.6   0.29  0.14
   100.361    1.77  1.62  1.38 80.   80.   56.    0.6   0.29  0.12
   100.463    1.78  1.62  1.4  78.   80.   58.    0.6   0.28  0.16
   100.542    1.76  1.62  1.38 78.   80.   58.    0.6   0.3   0.16
   100.554    1.77  1.63  1.4  78.   80.   58.    0.6   0.29  0.16
   100.560    1.76  1.64  1.38 78.   80.   58.    0.6   0.3   0.14
   100.593    1.77  1.62  1.4  78.   80.   58.    0.6   0.28  0.14
   100.614    1.76  1.64  1.4  78.   80.   58.    0.6   0.3   0.14
   100.630    1.77  1.62  1.4  80.   80.   56.    0.6   0.28  0.14
   100.638    1.77  1.62  1.38 78.   80.   58.    0.6   0.28  0.14
   100.672    1.77  1.62  1.42 78.   80.   58.    0.6   0.28  0.16
   100.707    1.76  1.64  1.38 80.   80.   56.    0.6   0.29  0.14
   100.712    1.77  1.64  1.42 80.   80.   56.    0.6   0.3   0.14
   100.758    1.77  1.62  1.38 78.   80.   58.    0.6   0.29  0.16
   100.806    1.78  1.64  1.38 78.   80.   58.    0.6   0.28  0.16
   100.815    1.78  1.63  1.42 78.   80.   58.    0.6   0.28  0.16
   100.849    1.78  1.64  1.38 78.   80.   58.    0.6   0.3   0.16
   100.853    1.77  1.64  1.38 80.   80.   56.    0.6   0.3   0.12
   100.960    1.77  1.62  1.42 78.   80.   58.    0.6   0.29  0.12
   100.984    1.78  1.64  1.4  78.   80.   58.    0.6   0.29  0.16
   101.000    1.77  1.62  1.38 78.   80.   58.    0.6   0.28  0.12
   101.050    1.78  1.62  1.42 78.   80.   58.    0.6   0.28  0.12
   101.091    1.76  1.62  1.42 78.   80.   58.    0.6   0.3   0.12
   101.140    1.76  1.62  1.38 80.   80.   56.    0.6   0.28  0.14
   101.171    1.78  1.64  1.38 78.   80.   58.    0.6   0.28  0.14
   101.174    1.76  1.62  1.4  80.   80.   56.    0.6   0.3   0.16
   101.214    1.77  1.62  1.42 78.   80.   58.    0.6   0.28  0.14
   101.253    1.76  1.64  1.38 78.   80.   58.    0.6   0.3   0.12
   101.324    1.76  1.64  1.42 78.   80.   58.    0.6   0.3   0.16
   101.369    1.78  1.64  1.42 78.   80.   58.    0.6   0.28  0.16
   101.384    1.76  1.63  1.4  78.   80.   58.    0.6   0.3   0.12
   101.409    1.77  1.63  1.4  78.   80.   58.    0.6   0.29  0.12
   101.414    1.76  1.63  1.38 80.   80.   56.    0.6   0.29  0.14
   101.463    1.78  1.63  1.38 78.   80.   58.    0.6   0.29  0.16
   101.494    1.76  1.64  1.42 78.   80.   58.    0.6   0.3   0.14
   101.501    1.77  1.64  1.42 78.   80.   58.    0.6   0.29  0.16
   101.524    1.78  1.64  1.4  78.   80.   58.    0.6   0.28  0.14
   101.533    1.78  1.63  1.4  78.   80.   58.    0.6   0.28  0.16
   101.543    1.78  1.63  1.38 80.   80.   56.    0.6   0.28  0.12
   101.559    1.77  1.64  1.4  78.   80.   58.    0.6   0.29  0.14
   101.616    1.77  1.64  1.38 78.   80.   58.    0.6   0.29  0.14
   101.638    1.76  1.62  1.38 80.   80.   56.    0.6   0.3   0.12
   101.644    1.77  1.62  1.4  80.   80.   56.    0.6   0.29  0.12
   101.659    1.78  1.62  1.42 80.   80.   56.    0.6   0.28  0.12
   101.686    1.76  1.62  1.38 80.   80.   56.    0.6   0.3   0.14
   101.694    1.76  1.62  1.4  78.   80.   58.    0.6   0.29  0.16
   101.739    1.78  1.63  1.4  78.   80.   58.    0.6   0.28  0.12
   101.744    1.77  1.63  1.42 80.   80.   56.    0.6   0.29  0.14
   101.746    1.78  1.64  1.4  78.   80.   58.    0.6   0.28  0.16
   101.760    1.76  1.64  1.38 80.   80.   56.    0.6   0.3   0.14
   101.780    1.78  1.64  1.42 80.   80.   56.    0.6   0.29  0.12
   101.828    1.78  1.64  1.42 78.   80.   58.    0.6   0.29  0.12
   101.846    1.77  1.63  1.42 80.   80.   56.    0.6   0.3   0.12
   101.900    1.76  1.62  1.38 80.   80.   56.    0.6   0.29  0.14
   101.914    1.78  1.63  1.38 80.   80.   56.    0.6   0.3   0.16
   101.931    1.76  1.63  1.38 80.   80.   56.    0.6   0.3   0.14
   101.975    1.77  1.64  1.38 78.   80.   58.    0.6   0.29  0.12
   102.042    1.77  1.64  1.4  80.   80.   56.    0.6   0.3   0.12
   102.042    1.77  1.64  1.42 78.   80.   58.    0.6   0.3   0.12
   102.060    1.78  1.62  1.38 78.   80.   58.    0.6   0.28  0.16
   102.123    1.78  1.64  1.42 78.   80.   58.    0.6   0.28  0.14
   102.146    1.78  1.64  1.38 80.   80.   56.    0.6   0.28  0.12
   102.154    1.77  1.64  1.42 78.   80.   58.    0.6   0.29  0.14
   102.192    1.77  1.63  1.38 80.   80.   56.    0.6   0.29  0.12
   102.200    1.78  1.63  1.38 78.   80.   58.    0.6   0.28  0.16
   102.234    1.76  1.63  1.4  78.   80.   58.    0.6   0.29  0.14
   102.298    1.78  1.64  1.38 78.   80.   58.    0.6   0.28  0.12
   102.325    1.76  1.63  1.38 78.   80.   58.    0.6   0.29  0.14
   102.367    1.77  1.64  1.42 80.   80.   56.    0.6   0.29  0.14
   102.547    1.78  1.64  1.38 78.   80.   58.    0.6   0.29  0.16
   102.640    1.76  1.62  1.4  78.   80.   58.    0.6   0.29  0.12
   102.652    1.76  1.63  1.38 78.   80.   58.    0.6   0.29  0.12
   102.664    1.77  1.62  1.42 80.   80.   56.    0.6   0.28  0.14
   102.822    1.77  1.64  1.42 80.   80.   56.    0.6   0.28  0.14
   102.883    1.76  1.63  1.42 78.   80.   58.    0.6   0.29  0.16
   102.918    1.76  1.64  1.4  78.   80.   58.    0.6   0.3   0.16
   102.940    1.77  1.63  1.42 80.   80.   56.    0.6   0.28  0.14
   102.959    1.78  1.63  1.4  80.   80.   56.    0.6   0.28  0.12
   102.993    1.77  1.62  1.4  78.   80.   58.    0.6   0.28  0.12
   103.063    1.76  1.63  1.38 78.   80.   58.    0.6   0.3   0.16
   103.072    1.76  1.62  1.4  80.   80.   56.    0.6   0.3   0.12
   103.105    1.76  1.63  1.42 78.   80.   58.    0.6   0.29  0.14
   103.158    1.76  1.63  1.4  80.   80.   56.    0.6   0.3   0.14
   103.224    1.77  1.64  1.38 78.   80.   58.    0.6   0.28  0.16
   103.299    1.77  1.63  1.38 78.   80.   58.    0.6   0.28  0.14
   103.330    1.77  1.62  1.42 80.   80.   56.    0.6   0.29  0.12
   103.370    1.77  1.63  1.4  80.   80.   56.    0.6   0.29  0.12
   103.377    1.77  1.63  1.4  78.   80.   58.    0.6   0.28  0.14
   103.403    1.76  1.62  1.38 80.   80.   56.    0.6   0.3   0.16
   103.467    1.77  1.62  1.38 80.   80.   56.    0.6   0.28  0.12
   103.509    1.78  1.63  1.42 78.   80.   58.    0.6   0.28  0.12
   103.620    1.77  1.62  1.4  78.   80.   58.    0.6   0.28  0.16
   103.631    1.77  1.64  1.42 80.   80.   56.    0.6   0.3   0.12
   103.645    1.77  1.63  1.38 78.   80.   58.    0.6   0.28  0.12
   103.719    1.76  1.64  1.4  78.   80.   58.    0.6   0.3   0.12
   103.730    1.77  1.63  1.42 78.   80.   58.    0.6   0.29  0.12
   103.792    1.76  1.63  1.38 80.   80.   56.    0.6   0.3   0.12
   103.861    1.77  1.64  1.4  78.   80.   58.    0.6   0.29  0.12
   103.890    1.76  1.63  1.42 78.   80.   58.    0.6   0.3   0.12
   103.915    1.77  1.63  1.42 78.   80.   58.    0.6   0.28  0.14
   103.936    1.76  1.62  1.4  80.   80.   56.    0.6   0.29  0.14
   103.965    1.77  1.64  1.38 78.   80.   58.    0.6   0.3   0.16
   104.005    1.78  1.64  1.4  78.   80.   58.    0.6   0.28  0.12
   104.050    1.76  1.63  1.4  78.   80.   58.    0.6   0.29  0.16
   104.075    1.78  1.64  1.4  80.   80.   56.    0.6   0.28  0.12
   104.117    1.76  1.64  1.4  80.   80.   56.    0.6   0.3   0.14
   104.119    1.76  1.63  1.42 80.   80.   56.    0.6   0.3   0.14
   104.131    1.77  1.64  1.4  78.   80.   58.    0.6   0.29  0.16
   104.148    1.76  1.62  1.4  78.   80.   58.    0.6   0.28  0.14
   104.161    1.76  1.64  1.4  80.   80.   56.    0.6   0.28  0.14
   104.193    1.76  1.62  1.38 78.   80.   58.    0.6   0.28  0.12
   104.257    1.76  1.62  1.38 78.   80.   58.    0.6   0.28  0.14
   104.531    1.77  1.63  1.42 78.   80.   58.    0.6   0.28  0.16
   104.600    1.76  1.62  1.42 78.   80.   58.    0.6   0.28  0.16
   104.709    1.77  1.63  1.4  78.   80.   58.    0.6   0.28  0.16
   104.733    1.76  1.62  1.42 78.   80.   58.    0.6   0.28  0.14
   104.739    1.77  1.62  1.4  80.   80.   56.    0.6   0.28  0.12
   104.746    1.76  1.63  1.4  80.   80.   56.    0.6   0.29  0.14
   104.761    1.77  1.63  1.38 78.   80.   58.    0.6   0.29  0.16
   104.769    1.78  1.63  1.42 80.   80.   56.    0.6   0.28  0.12
   104.824    1.77  1.63  1.38 78.   80.   58.    0.6   0.28  0.16
   104.849    1.77  1.64  1.4  80.   80.   56.    0.6   0.29  0.12
   104.911    1.77  1.64  1.4  78.   80.   58.    0.6   0.28  0.16
   104.958    1.76  1.64  1.4  80.   80.   56.    0.6   0.29  0.14
   104.962    1.77  1.63  1.42 80.   80.   56.    0.6   0.29  0.12
   104.983    1.76  1.63  1.4  78.   80.   58.    0.6   0.29  0.12
   104.985    1.76  1.62  1.42 80.   80.   56.    0.6   0.3   0.12
   105.104    1.76  1.63  1.4  80.   80.   56.    0.6   0.28  0.14
   105.107    1.76  1.63  1.4  80.   80.   56.    0.6   0.3   0.12
   105.112    1.76  1.62  1.38 80.   80.   56.    0.6   0.29  0.12
   105.147    1.77  1.62  1.42 78.   80.   58.    0.6   0.28  0.12
   105.183    1.77  1.64  1.38 80.   80.   56.    0.6   0.29  0.12
   105.201    1.77  1.64  1.38 78.   80.   58.    0.6   0.28  0.14
   105.210    1.76  1.64  1.38 78.   80.   58.    0.6   0.29  0.12
   105.212    1.77  1.62  1.38 78.   80.   58.    0.6   0.28  0.16
   105.232    1.76  1.64  1.4  78.   80.   58.    0.6   0.29  0.14
   105.282    1.77  1.63  1.4  78.   80.   58.    0.6   0.28  0.12
   105.300    1.76  1.62  1.4  80.   80.   56.    0.6   0.28  0.14
   105.333    1.76  1.62  1.42 80.   80.   56.    0.6   0.29  0.14
   105.340    1.76  1.64  1.38 78.   80.   58.    0.6   0.29  0.14
   105.351    1.76  1.62  1.42 78.   80.   58.    0.6   0.29  0.12
   105.431    1.76  1.64  1.42 78.   80.   58.    0.6   0.29  0.16
   105.456    1.77  1.64  1.38 78.   80.   58.    0.6   0.29  0.16
   105.459    1.77  1.64  1.42 78.   80.   58.    0.6   0.28  0.16
   105.536    1.76  1.64  1.38 80.   80.   56.    0.6   0.3   0.12
   105.608    1.77  1.64  1.4  78.   80.   58.    0.6   0.28  0.14
   105.656    1.76  1.64  1.42 80.   80.   56.    0.6   0.3   0.14
   105.685    1.77  1.64  1.38 78.   80.   58.    0.6   0.28  0.12
   105.771    1.76  1.64  1.42 78.   80.   58.    0.6   0.29  0.14
   105.929    1.77  1.64  1.42 78.   80.   58.    0.6   0.29  0.12
   105.978    1.78  1.64  1.42 78.   80.   58.    0.6   0.28  0.12
   106.102    1.77  1.64  1.42 78.   80.   58.    0.6   0.28  0.14
   106.125    1.77  1.63  1.38 80.   80.   56.    0.6   0.28  0.12
   106.142    1.76  1.64  1.38 78.   80.   58.    0.6   0.28  0.16
   106.187    1.78  1.64  1.42 80.   80.   56.    0.6   0.28  0.12
   106.292    1.76  1.62  1.4  80.   80.   56.    0.6   0.29  0.12
   106.321    1.76  1.62  1.4  78.   80.   58.    0.6   0.28  0.12
   106.351    1.76  1.64  1.42 78.   80.   58.    0.6   0.3   0.12
   106.411    1.77  1.62  1.42 80.   80.   56.    0.6   0.28  0.12
   106.467    1.76  1.63  1.38 78.   80.   58.    0.6   0.28  0.12
   106.573    1.77  1.64  1.42 80.   80.   56.    0.6   0.29  0.12
   106.617    1.76  1.62  1.38 78.   80.   58.    0.6   0.29  0.16
   106.644    1.76  1.63  1.42 80.   80.   56.    0.6   0.29  0.14
   106.650    1.76  1.64  1.4  80.   80.   56.    0.6   0.3   0.12
   106.734    1.76  1.63  1.38 80.   80.   56.    0.6   0.29  0.12
   106.812    1.77  1.64  1.38 80.   80.   56.    0.6   0.28  0.12
   106.827    1.76  1.63  1.42 80.   80.   56.    0.6   0.3   0.12
   106.959    1.76  1.63  1.4  78.   80.   58.    0.6   0.28  0.14
   107.016    1.76  1.63  1.38 78.   80.   58.    0.6   0.28  0.14
   107.070    1.76  1.64  1.4  78.   80.   58.    0.6   0.29  0.12
   107.144    1.76  1.62  1.4  78.   80.   58.    0.6   0.28  0.16
   107.183    1.76  1.64  1.42 80.   80.   56.    0.6   0.29  0.14
   107.359    1.77  1.63  1.42 78.   80.   58.    0.6   0.28  0.12
   107.388    1.76  1.64  1.38 78.   80.   58.    0.6   0.3   0.16
   107.414    1.76  1.63  1.42 78.   80.   58.    0.6   0.28  0.14
   107.419    1.77  1.64  1.4  78.   80.   58.    0.6   0.28  0.12
   107.476    1.76  1.64  1.42 80.   80.   56.    0.6   0.28  0.14
   107.478    1.76  1.63  1.42 78.   80.   58.    0.6   0.29  0.12
   107.504    1.76  1.62  1.42 80.   80.   56.    0.6   0.28  0.14
   107.625    1.76  1.64  1.4  78.   80.   58.    0.6   0.29  0.16
   107.704    1.76  1.63  1.42 80.   80.   56.    0.6   0.28  0.14
   107.722    1.76  1.63  1.38 78.   80.   58.    0.6   0.28  0.16
   107.746    1.77  1.63  1.4  80.   80.   56.    0.6   0.28  0.12
   107.872    1.76  1.63  1.4  80.   80.   56.    0.6   0.29  0.12
   108.015    1.76  1.62  1.42 80.   80.   56.    0.6   0.29  0.12
   108.054    1.76  1.63  1.38 78.   80.   58.    0.6   0.29  0.16
   108.217    1.76  1.64  1.42 80.   80.   56.    0.6   0.3   0.12
   108.246    1.76  1.63  1.4  78.   80.   58.    0.6   0.28  0.16
   108.258    1.76  1.63  1.4  78.   80.   58.    0.6   0.28  0.12
   108.268    1.76  1.64  1.38 78.   80.   58.    0.6   0.28  0.12
   108.335    1.76  1.62  1.38 78.   80.   58.    0.6   0.28  0.16
   108.356    1.76  1.64  1.38 78.   80.   58.    0.6   0.29  0.16
   108.359    1.76  1.64  1.4  78.   80.   58.    0.6   0.28  0.16
   108.593    1.76  1.63  1.42 78.   80.   58.    0.6   0.28  0.16
   108.692    1.76  1.62  1.42 78.   80.   58.    0.6   0.28  0.12
   108.959    1.76  1.64  1.4  78.   80.   58.    0.6   0.28  0.14
   109.004    1.77  1.64  1.4  80.   80.   56.    0.6   0.28  0.12
   109.226    1.76  1.64  1.42 78.   80.   58.    0.6   0.28  0.14
   109.351    1.77  1.64  1.42 78.   80.   58.    0.6   0.28  0.12
   109.478    1.76  1.64  1.42 78.   80.   58.    0.6   0.29  0.12
   109.480    1.76  1.63  1.42 80.   80.   56.    0.6   0.29  0.12
   109.575    1.76  1.64  1.42 78.   80.   58.    0.6   0.28  0.16
   109.644    1.77  1.63  1.42 80.   80.   56.    0.6   0.28  0.12
   109.683    1.76  1.62  1.38 80.   80.   56.    0.6   0.28  0.12
   109.702    1.76  1.64  1.38 80.   80.   56.    0.6   0.29  0.12
   109.965    1.76  1.64  1.4  78.   80.   58.    0.6   0.28  0.12
   110.419    1.76  1.63  1.42 78.   80.   58.    0.6   0.28  0.12
   110.613    1.76  1.64  1.38 78.   80.   58.    0.6   0.28  0.14
   110.723    1.76  1.63  1.38 80.   80.   56.    0.6   0.28  0.12
   110.941    1.76  1.62  1.4  80.   80.   56.    0.6   0.28  0.12
   111.130    1.76  1.64  1.4  80.   80.   56.    0.6   0.29  0.12
   111.217    1.77  1.64  1.42 80.   80.   56.    0.6   0.28  0.12
   111.648    1.76  1.64  1.38 80.   80.   56.    0.6   0.28  0.12
   111.781    1.76  1.64  1.42 78.   80.   58.    0.6   0.28  0.12
   112.506    1.76  1.63  1.4  80.   80.   56.    0.6   0.28  0.12
   112.607    1.76  1.62  1.42 80.   80.   56.    0.6   0.28  0.12
   112.869    1.76  1.64  1.42 80.   80.   56.    0.6   0.29  0.12
   113.960    1.76  1.64  1.4  80.   80.   56.    0.6   0.28  0.12
   114.428    1.76  1.63  1.42 80.   80.   56.    0.6   0.28  0.12
   116.085    1.76  1.64  1.42 80.   80.   56.    0.6   0.28  0.12
   167.633    1.76  1.64  1.38 78.   80.   56.    0.6   0.28  0.16
   169.690    1.77  1.64  1.38 78.   80.   56.    0.6   0.28  0.16
   172.611    1.78  1.64  1.38 78.   80.   56.    0.6   0.28  0.16
   176.929    1.78  1.64  1.4  78.   80.   56.    0.6   0.28  0.16
   177.104    1.77  1.64  1.4  78.   80.   56.    0.6   0.28  0.16
   178.121    1.78  1.62  1.42 78.   80.   56.    0.6   0.3   0.12
   178.307    1.76  1.64  1.4  78.   80.   56.    0.6   0.28  0.16
   183.992    1.78  1.64  1.42 78.   80.   56.    0.6   0.28  0.16
   184.252    1.78  1.63  1.42 78.   80.   56.    0.6   0.3   0.12
   185.462    1.76  1.63  1.38 78.   80.   56.    0.6   0.28  0.16
   186.899    1.77  1.64  1.42 78.   80.   56.    0.6   0.28  0.16
   187.730    1.77  1.63  1.38 78.   80.   56.    0.6   0.28  0.16
   188.285    1.78  1.62  1.42 78.   80.   56.    0.6   0.29  0.12
   188.446    1.77  1.62  1.42 78.   80.   56.    0.6   0.3   0.12
   189.269    1.78  1.64  1.42 78.   80.   56.    0.6   0.3   0.12
   189.333    1.78  1.62  1.4  78.   80.   56.    0.6   0.3   0.12
   190.772    1.76  1.64  1.42 78.   80.   56.    0.6   0.28  0.16
   191.017    1.78  1.63  1.38 78.   80.   56.    0.6   0.28  0.16
   192.751    1.77  1.63  1.4  78.   80.   56.    0.6   0.28  0.16
   192.948    1.78  1.63  1.4  78.   80.   56.    0.6   0.28  0.16
   193.378    1.78  1.63  1.4  78.   80.   56.    0.6   0.3   0.12
   193.604    1.78  1.64  1.38 78.   80.   56.    0.6   0.28  0.14
   194.200    1.76  1.63  1.4  78.   80.   56.    0.6   0.28  0.16
   194.871    1.77  1.63  1.42 78.   80.   56.    0.6   0.3   0.12
   195.224    1.78  1.63  1.42 78.   80.   56.    0.6   0.28  0.16
   196.031    1.78  1.62  1.4  78.   80.   56.    0.6   0.29  0.12
   196.115    1.78  1.64  1.4  78.   80.   56.    0.6   0.3   0.12
   196.217    1.78  1.63  1.42 78.   80.   56.    0.6   0.29  0.12
   198.152    1.77  1.63  1.42 78.   80.   56.    0.6   0.28  0.16
   198.533    1.78  1.63  1.4  78.   80.   56.    0.6   0.29  0.12
   198.626    1.77  1.62  1.4  78.   80.   56.    0.6   0.3   0.12
   198.807    1.77  1.64  1.38 78.   80.   56.    0.6   0.28  0.14
   199.004    1.78  1.64  1.4  78.   80.   56.    0.6   0.28  0.14
   199.485    1.77  1.62  1.42 78.   80.   56.    0.6   0.29  0.12
   199.544    1.78  1.62  1.38 78.   80.   56.    0.6   0.3   0.12
   199.557    1.76  1.64  1.38 78.   80.   56.    0.6   0.29  0.16
   199.908    1.76  1.62  1.42 78.   80.   56.    0.6   0.3   0.12
   200.124    1.78  1.64  1.42 78.   80.   56.    0.6   0.29  0.12
   200.260    1.78  1.62  1.42 78.   80.   56.    0.6   0.28  0.12
   201.242    1.78  1.63  1.38 78.   80.   56.    0.6   0.3   0.12
   201.394    1.78  1.63  1.38 78.   80.   56.    0.6   0.28  0.14
   201.770    1.78  1.64  1.38 78.   80.   56.    0.6   0.3   0.12
   202.020    1.77  1.64  1.38 78.   80.   56.    0.6   0.29  0.16
   202.232    1.78  1.62  1.38 78.   80.   56.    0.6   0.29  0.12
   202.900    1.78  1.63  1.38 78.   80.   56.    0.6   0.29  0.12
   202.970    1.77  1.63  1.4  78.   80.   56.    0.6   0.3   0.12
   203.032    1.78  1.64  1.42 78.   80.   56.    0.6   0.29  0.16
   203.050    1.78  1.64  1.42 78.   80.   56.    0.6   0.28  0.14
   203.072    1.76  1.63  1.42 78.   80.   56.    0.6   0.28  0.16
   203.919    1.78  1.63  1.4  78.   80.   56.    0.6   0.28  0.14
   203.929    1.77  1.64  1.42 78.   80.   56.    0.6   0.3   0.12
   204.107    1.76  1.62  1.38 78.   80.   56.    0.6   0.28  0.16
   204.122    1.77  1.64  1.4  78.   80.   56.    0.6   0.29  0.16
   204.205    1.78  1.63  1.42 78.   80.   56.    0.6   0.28  0.12
   204.423    1.78  1.64  1.4  78.   80.   56.    0.6   0.29  0.12
   204.565    1.78  1.64  1.4  78.   80.   56.    0.6   0.29  0.16
   204.764    1.78  1.62  1.4  78.   80.   56.    0.6   0.28  0.12
   204.897    1.78  1.63  1.42 78.   80.   56.    0.6   0.28  0.14
   204.982    1.76  1.64  1.38 78.   80.   56.    0.6   0.28  0.14
   205.266    1.76  1.64  1.4  78.   80.   56.    0.6   0.29  0.16
   205.301    1.77  1.64  1.42 78.   80.   56.    0.6   0.29  0.16
   205.301    1.78  1.64  1.42 78.   80.   56.    0.6   0.29  0.14
   205.323    1.78  1.64  1.38 78.   80.   56.    0.6   0.29  0.16
   205.714    1.78  1.62  1.42 78.   80.   56.    0.6   0.28  0.16
   206.061    1.77  1.62  1.4  78.   80.   56.    0.6   0.29  0.12
   206.205    1.77  1.62  1.38 78.   80.   56.    0.6   0.28  0.16
   206.290    1.78  1.62  1.42 78.   80.   56.    0.6   0.28  0.14
   206.330    1.77  1.64  1.4  78.   80.   56.    0.6   0.3   0.12
   206.391    1.78  1.64  1.4  78.   80.   56.    0.6   0.29  0.14
   206.515    1.78  1.64  1.38 78.   80.   56.    0.6   0.29  0.14
   206.532    1.76  1.63  1.42 78.   80.   56.    0.6   0.3   0.12
   206.648    1.77  1.63  1.38 78.   80.   56.    0.6   0.28  0.14
   206.705    1.78  1.63  1.42 78.   80.   56.    0.6   0.3   0.14
   206.831    1.77  1.64  1.4  78.   80.   56.    0.6   0.28  0.14
   207.006    1.77  1.62  1.38 78.   80.   56.    0.6   0.3   0.12
   207.135    1.78  1.63  1.42 78.   80.   56.    0.6   0.29  0.14
   207.510    1.77  1.62  1.4  78.   80.   56.    0.6   0.28  0.16
   207.516    1.78  1.64  1.38 78.   80.   56.    0.6   0.29  0.12
   207.572    1.78  1.62  1.4  78.   80.   56.    0.6   0.28  0.16
   207.762    1.78  1.62  1.4  78.   80.   56.    0.6   0.28  0.14
   207.814    1.77  1.62  1.42 78.   80.   56.    0.6   0.28  0.16
   207.820    1.78  1.63  1.4  78.   80.   56.    0.6   0.28  0.12
   207.870    1.78  1.62  1.38 78.   80.   56.    0.6   0.28  0.12
   207.996    1.78  1.62  1.42 78.   80.   56.    0.6   0.3   0.14
   208.068    1.78  1.64  1.42 78.   80.   56.    0.6   0.28  0.12
   208.179    1.78  1.64  1.42 78.   80.   56.    0.6   0.3   0.14
   208.309    1.77  1.63  1.42 78.   80.   56.    0.6   0.29  0.12
   208.420    1.78  1.62  1.38 78.   80.   56.    0.6   0.28  0.14
   208.641    1.76  1.62  1.4  78.   80.   56.    0.6   0.3   0.12
   208.973    1.77  1.63  1.38 78.   80.   56.    0.6   0.3   0.12
   209.050    1.78  1.62  1.38 78.   80.   56.    0.6   0.28  0.16
   209.059    1.76  1.62  1.4  78.   80.   56.    0.6   0.28  0.16
   209.385    1.78  1.62  1.42 78.   80.   56.    0.6   0.29  0.14
   209.458    1.77  1.63  1.4  78.   80.   56.    0.6   0.29  0.12
   209.567    1.78  1.63  1.38 78.   80.   56.    0.6   0.28  0.12
   209.835    1.76  1.64  1.42 78.   80.   56.    0.6   0.29  0.16
   210.362    1.78  1.63  1.4  78.   80.   56.    0.6   0.29  0.14
   210.440    1.77  1.64  1.38 78.   80.   56.    0.6   0.3   0.12
   210.578    1.77  1.62  1.38 78.   80.   56.    0.6   0.29  0.12
   211.011    1.77  1.64  1.38 78.   80.   56.    0.6   0.29  0.14
   211.255    1.78  1.64  1.4  78.   80.   56.    0.6   0.28  0.12
   211.286    1.77  1.63  1.4  78.   80.   56.    0.6   0.28  0.14
   211.615    1.78  1.64  1.38 78.   80.   56.    0.6   0.28  0.12
   212.350    1.76  1.62  1.42 78.   80.   56.    0.6   0.28  0.16
   212.355    1.77  1.63  1.38 78.   80.   56.    0.6   0.29  0.12
   212.420    1.77  1.62  1.42 78.   80.   56.    0.6   0.3   0.14
   212.626    1.78  1.63  1.42 78.   80.   56.    0.6   0.29  0.16
   212.689    1.77  1.62  1.38 78.   80.   56.    0.6   0.28  0.14
   212.807    1.78  1.64  1.4  78.   80.   56.    0.6   0.3   0.14
   212.872    1.78  1.63  1.38 78.   80.   56.    0.6   0.29  0.14
   212.946    1.77  1.62  1.42 78.   80.   56.    0.6   0.28  0.12
   213.019    1.77  1.64  1.4  78.   80.   56.    0.6   0.29  0.14
   213.037    1.77  1.64  1.42 78.   80.   56.    0.6   0.29  0.12
   213.142    1.76  1.63  1.38 78.   80.   56.    0.6   0.28  0.14
   213.299    1.76  1.63  1.4  78.   80.   56.    0.6   0.3   0.12
   213.434    1.77  1.64  1.42 78.   80.   56.    0.6   0.28  0.14
   213.722    1.77  1.63  1.42 78.   80.   56.    0.6   0.29  0.16
   213.827    1.77  1.64  1.42 78.   80.   56.    0.6   0.29  0.14
   214.061    1.77  1.62  1.4  78.   80.   56.    0.6   0.28  0.14
   214.215    1.78  1.62  1.4  78.   80.   56.    0.6   0.29  0.14
   214.216    1.77  1.63  1.42 78.   80.   56.    0.6   0.28  0.14
   214.333    1.77  1.63  1.42 78.   80.   56.    0.6   0.29  0.14
   214.396    1.77  1.64  1.42 78.   80.   56.    0.6   0.3   0.14
   214.495    1.77  1.62  1.42 78.   80.   56.    0.6   0.28  0.14
   214.767    1.76  1.62  1.38 78.   80.   56.    0.6   0.3   0.12
   215.067    1.76  1.62  1.42 78.   80.   56.    0.6   0.29  0.12
   215.207    1.77  1.62  1.42 78.   80.   56.    0.6   0.29  0.14
   215.522    1.77  1.63  1.4  78.   80.   56.    0.6   0.29  0.14
   215.532    1.77  1.63  1.42 78.   80.   56.    0.6   0.3   0.14
   215.628    1.76  1.64  1.4  78.   80.   56.    0.6   0.28  0.14
   215.921    1.77  1.63  1.4  78.   80.   56.    0.6   0.29  0.16
   216.076    1.76  1.64  1.42 78.   80.   56.    0.6   0.3   0.12
   216.105    1.78  1.62  1.4  78.   80.   56.    0.6   0.3   0.14
   216.258    1.77  1.63  1.38 78.   80.   56.    0.6   0.29  0.14
   216.301    1.78  1.63  1.4  78.   80.   56.    0.6   0.29  0.16
   216.339    1.76  1.63  1.38 78.   80.   56.    0.6   0.29  0.16
   216.455    1.77  1.64  1.4  78.   80.   56.    0.6   0.29  0.12
   216.527    1.77  1.62  1.4  78.   80.   56.    0.6   0.28  0.12
   216.777    1.78  1.63  1.4  78.   80.   56.    0.6   0.3   0.14
   216.825    1.76  1.62  1.4  78.   80.   56.    0.6   0.29  0.12
   216.842    1.78  1.64  1.38 78.   80.   56.    0.6   0.3   0.14
   216.961    1.77  1.64  1.4  78.   80.   56.    0.6   0.3   0.14
   217.337    1.76  1.64  1.4  78.   80.   56.    0.6   0.3   0.12
   217.350    1.76  1.63  1.4  78.   80.   56.    0.6   0.29  0.16
   217.361    1.76  1.64  1.38 78.   80.   56.    0.6   0.29  0.14
   217.416    1.76  1.63  1.38 78.   80.   56.    0.6   0.3   0.12
   217.529    1.76  1.63  1.42 78.   80.   56.    0.6   0.29  0.16
   217.693    1.77  1.63  1.42 78.   80.   56.    0.6   0.28  0.12
   217.858    1.77  1.62  1.4  78.   80.   56.    0.6   0.3   0.14
   217.908    1.76  1.62  1.42 78.   80.   56.    0.6   0.3   0.14
   218.035    1.77  1.62  1.4  78.   80.   56.    0.6   0.29  0.14
   218.115    1.77  1.63  1.38 78.   80.   56.    0.6   0.29  0.16
   218.127    1.77  1.64  1.38 78.   80.   56.    0.6   0.29  0.12
   218.190    1.77  1.62  1.38 78.   80.   56.    0.6   0.28  0.12
   218.537    1.77  1.64  1.42 78.   80.   56.    0.6   0.3   0.16
   218.575    1.78  1.64  1.42 78.   80.   56.    0.6   0.3   0.16
   218.587    1.78  1.62  1.38 78.   80.   56.    0.6   0.29  0.14
   219.029    1.76  1.62  1.38 78.   80.   56.    0.6   0.28  0.14
   219.180    1.77  1.64  1.38 78.   80.   56.    0.6   0.3   0.14
   219.346    1.76  1.63  1.4  78.   80.   56.    0.6   0.28  0.14
   219.510    1.77  1.63  1.4  78.   80.   56.    0.6   0.3   0.14
   219.772    1.76  1.62  1.38 78.   80.   56.    0.6   0.29  0.12
   219.962    1.76  1.64  1.38 78.   80.   56.    0.6   0.3   0.12
   220.278    1.78  1.63  1.38 78.   80.   56.    0.6   0.29  0.16
   220.324    1.77  1.63  1.4  78.   80.   56.    0.6   0.28  0.12
   220.414    1.77  1.62  1.42 78.   80.   56.    0.6   0.29  0.16
   220.564    1.77  1.62  1.38 78.   80.   56.    0.6   0.29  0.14
   220.756    1.77  1.63  1.38 78.   80.   56.    0.6   0.28  0.12
   220.849    1.76  1.64  1.4  78.   80.   56.    0.6   0.29  0.14
   220.870    1.76  1.63  1.42 78.   80.   56.    0.6   0.29  0.12
   220.877    1.78  1.62  1.42 78.   80.   56.    0.6   0.29  0.16
   221.636    1.76  1.62  1.4  78.   80.   56.    0.6   0.3   0.14
   221.641    1.77  1.64  1.42 78.   80.   56.    0.6   0.28  0.12
   221.644    1.76  1.64  1.42 78.   80.   56.    0.6   0.3   0.16
   221.775    1.76  1.63  1.38 78.   80.   56.    0.6   0.29  0.14
   221.835    1.76  1.62  1.4  78.   80.   56.    0.6   0.28  0.14
   221.970    1.76  1.63  1.42 78.   80.   56.    0.6   0.3   0.14
   222.072    1.76  1.64  1.42 78.   80.   56.    0.6   0.3   0.14
   222.351    1.77  1.64  1.4  78.   80.   56.    0.6   0.3   0.16
   222.500    1.76  1.62  1.42 78.   80.   56.    0.6   0.29  0.14
   222.540    1.76  1.63  1.4  78.   80.   56.    0.6   0.29  0.14
   222.642    1.78  1.63  1.38 78.   80.   56.    0.6   0.3   0.14
   222.902    1.76  1.63  1.42 78.   80.   56.    0.6   0.29  0.14
   223.099    1.76  1.64  1.4  78.   80.   56.    0.6   0.3   0.14
   223.237    1.77  1.64  1.38 78.   80.   56.    0.6   0.28  0.12
   223.243    1.78  1.64  1.4  78.   80.   56.    0.6   0.3   0.16
   223.327    1.76  1.64  1.42 78.   80.   56.    0.6   0.29  0.14
   223.357    1.77  1.63  1.38 78.   80.   56.    0.6   0.3   0.14
   223.391    1.76  1.62  1.42 78.   80.   56.    0.6   0.29  0.16
   223.426    1.76  1.64  1.4  78.   80.   56.    0.6   0.3   0.16
   223.845    1.76  1.62  1.4  78.   80.   56.    0.6   0.29  0.14
   223.845    1.76  1.64  1.42 78.   80.   56.    0.6   0.28  0.14
   223.851    1.77  1.64  1.4  78.   80.   56.    0.6   0.28  0.12
   223.851    1.76  1.62  1.42 78.   80.   56.    0.6   0.28  0.14
   224.016    1.76  1.64  1.38 78.   80.   56.    0.6   0.3   0.14
   224.130    1.76  1.63  1.42 78.   80.   56.    0.6   0.28  0.14
   224.192    1.77  1.62  1.4  78.   80.   56.    0.6   0.29  0.16
   224.491    1.76  1.63  1.4  78.   80.   56.    0.6   0.3   0.14
   224.533    1.76  1.63  1.4  78.   80.   56.    0.6   0.29  0.12
   224.749    1.77  1.63  1.42 78.   80.   56.    0.6   0.3   0.16
   225.181    1.76  1.62  1.38 78.   80.   56.    0.6   0.29  0.14
   225.279    1.78  1.62  1.4  78.   80.   56.    0.6   0.29  0.16
   225.415    1.76  1.64  1.38 78.   80.   56.    0.6   0.3   0.16
   225.474    1.76  1.62  1.4  78.   80.   56.    0.6   0.29  0.16
   225.942    1.76  1.62  1.42 78.   80.   56.    0.6   0.28  0.12
   226.248    1.76  1.63  1.38 78.   80.   56.    0.6   0.29  0.12
   226.257    1.76  1.64  1.42 78.   80.   56.    0.6   0.29  0.12
   226.401    1.77  1.64  1.38 78.   80.   56.    0.6   0.3   0.16
   226.559    1.78  1.63  1.42 78.   80.   56.    0.6   0.3   0.16
   226.754    1.76  1.63  1.42 78.   80.   56.    0.6   0.3   0.16
   227.205    1.76  1.63  1.38 78.   80.   56.    0.6   0.3   0.14
   227.621    1.76  1.62  1.38 78.   80.   56.    0.6   0.29  0.16
   227.814    1.77  1.62  1.38 78.   80.   56.    0.6   0.3   0.14
   228.084    1.78  1.64  1.38 78.   80.   56.    0.6   0.3   0.16
   228.240    1.77  1.62  1.38 78.   80.   56.    0.6   0.29  0.16
   228.409    1.78  1.62  1.38 78.   80.   56.    0.6   0.3   0.14
   228.650    1.76  1.62  1.4  78.   80.   56.    0.6   0.28  0.12
   228.705    1.76  1.64  1.4  78.   80.   56.    0.6   0.29  0.12
   229.035    1.76  1.62  1.38 78.   80.   56.    0.6   0.28  0.12
   229.056    1.76  1.64  1.38 78.   80.   56.    0.6   0.29  0.12
   229.397    1.77  1.63  1.4  78.   80.   56.    0.6   0.3   0.16
   229.992    1.78  1.62  1.38 78.   80.   56.    0.6   0.29  0.16
   230.044    1.76  1.63  1.4  78.   80.   56.    0.6   0.3   0.16
   230.432    1.76  1.62  1.38 78.   80.   56.    0.6   0.3   0.14
   231.034    1.76  1.63  1.42 78.   80.   56.    0.6   0.28  0.12
   231.089    1.77  1.62  1.42 78.   80.   56.    0.6   0.3   0.16
   231.666    1.76  1.62  1.42 78.   80.   56.    0.6   0.3   0.16
   231.894    1.78  1.63  1.4  78.   80.   56.    0.6   0.3   0.16
   232.048    1.76  1.63  1.38 78.   80.   56.    0.6   0.28  0.12
   232.838    1.76  1.63  1.4  78.   80.   56.    0.6   0.28  0.12
   233.425    1.76  1.63  1.38 78.   80.   56.    0.6   0.3   0.16
   234.134    1.76  1.64  1.38 78.   80.   56.    0.6   0.28  0.12
   234.513    1.77  1.63  1.38 78.   80.   56.    0.6   0.3   0.16
   234.591    1.76  1.64  1.42 78.   80.   56.    0.6   0.28  0.12
   234.710    1.78  1.62  1.42 78.   80.   56.    0.6   0.3   0.16
   235.877    1.76  1.64  1.4  78.   80.   56.    0.6   0.28  0.12
   237.221    1.76  1.62  1.4  78.   80.   56.    0.6   0.3   0.16
   237.746    1.78  1.63  1.38 78.   80.   56.    0.6   0.3   0.16
   237.991    1.77  1.62  1.4  78.   80.   56.    0.6   0.3   0.16
   243.505    1.76  1.62  1.38 78.   80.   56.    0.6   0.3   0.16
   243.649    1.78  1.62  1.4  78.   80.   56.    0.6   0.3   0.16
   246.585    1.77  1.62  1.38 78.   80.   56.    0.6   0.3   0.16
   253.016    1.78  1.62  1.38 78.   80.   56.    0.6   0.3   0.16
