#T(K)  # Magnetic Field (Tesla), Moment (muB/mol),
1.8   4.08894E-5	-0.01711
1.8   0.00623	-0.01005
1.8   0.06342	0.54824
1.8   0.11659	0.98354
1.8   0.15253	1.19458
1.8   0.17427	1.40057
1.8   0.19926	1.59979
1.8   0.22427	1.7924
1.8   0.24925	1.97721
1.8   0.27424	2.15397
1.8   0.29899	2.32212
1.8   0.32397	2.48102
1.8   0.34895	2.63107
1.8   0.37394	2.77257
1.8   0.39891	2.90444
1.8   0.42389	3.02753
1.8   0.44889	3.14235
1.8   0.4739	3.24896
1.8   0.4989	3.34737
1.8   0.52393	3.43855
1.8   0.54895	3.52373
1.8   0.57473	3.60152
1.8   0.59973	3.67358
1.8   0.62397	3.73945
1.8   0.64897	3.80094
1.8   0.67397	3.85723
1.8   0.69898	3.90886
1.8   0.72401	3.95707
1.8   0.74904	4.00211
1.8   0.77406	4.04315
1.8   0.79932	4.08108
1.8   0.82406	4.11646
1.8   0.84883	4.14919
1.8   0.87409	4.17974
1.8   0.89908	4.20814
1.8   0.92383	4.235
1.8   0.9486	4.25912
1.8   0.97413	4.28231
1.8   0.99916	4.30376
1.8   1.02368	4.32397
1.8   1.04879	4.34259
1.8   1.17989	4.42473
1.8   1.31098	4.4859
1.8   1.44207	4.53307
1.8   1.57317	4.57053
1.8   1.70426	4.60068
1.8   1.83535	4.62597
1.8   1.96645	4.64711
1.8   2.09754	4.66609
1.8   2.22864	4.68227
1.8   2.35973	4.69719
1.8   2.49082	4.71106
1.8   2.62192	4.72325
1.8   2.75301	4.73485
1.8   2.8841	4.74663
1.8   3.0152	4.75889
1.8   3.14629	4.76672
1.8   3.27739	4.77606
1.8   3.40848	4.78487
1.8   3.53957	4.79302
1.8   3.67067	4.80096
1.8   3.80176	4.80859
1.8   3.93286	4.81573
1.8   4.06395	4.82247
1.8   4.19504	4.82887
1.8   4.32614	4.83516
1.8   4.45723	4.84053
1.8   4.58832	4.8464
1.8   4.71942	4.85219
1.8   4.85051	4.85733
1.8   4.98161	4.86228
1.8   5.1127	4.86697
1.8   5.24379	4.87193
1.8   5.37489	4.87616
1.8   5.50598	4.8806
1.8   5.63707	4.88482
1.8   5.76817	4.8892
1.8   5.89926	4.89289
1.8   6.03036	4.89753
1.8   6.16145	4.90094
1.8   6.29254	4.90442
1.8   6.42364	4.90818
1.8   6.55473	4.91168
1.8   6.68583	4.91499
1.8   6.81692	4.91865
1.8   6.94801	4.92211
1.8   7.07911	4.92528
1.8   7.2102	4.92818
1.8   7.34129	4.93175
1.8   7.47239	4.93497
1.8   7.60348	4.93834
1.8   7.73458	4.94137
1.8   7.86567	4.94436
1.8   7.99676	4.94766
1.8   8.12786	4.95036
1.8   8.25895	4.95332
1.8   8.39004	4.9565
1.8   8.52114	4.95874
1.8   8.65223	4.96194
1.8   8.78333	4.96492
1.8   8.91442	4.96781
1.8   9.04551	4.97084
1.8   9.17661	4.97394
1.8   9.3077	4.97611
1.8   9.4388	4.9788
1.8   9.56989	4.9813
1.8   9.70098	4.98423
1.8   9.83208	4.98698
1.8   9.96317	4.98915
1.8   10.09426	4.99184
1.8   10.22536	4.99497
1.8   10.35645	4.99747
1.8   10.48755	5.00016
1.8   10.61864	5.00272
1.8   10.74973	5.00558
1.8   10.88083	5.00816
1.8   11.01192	5.01055
1.8   11.14301	5.01322
1.8   11.27411	5.01568
1.8   11.4052	5.0184
1.8   11.5363	5.02096
1.8   11.66739	5.02335
1.8   11.79848	5.02614
1.8   11.92958	5.02858
1.8   12.06067	5.03131
1.8   12.19177	5.0332
1.8   12.32286	5.03676
1.8   12.45395	5.03838
1.8   12.58505	5.04047
1.8   12.71614	5.04324
1.8   12.84723	5.04537
1.8   12.97833	5.04802
1.8   13.10942	5.05071
1.8   13.24052	5.05332
1.8   13.37161	5.0559
1.8   13.5027	5.0583
1.8   13.6338	5.0609
1.8   13.76489	5.06357
1.8   13.89598	5.06595
5.0   0.	0.
5.0   0.1	0.417621
5.0   0.2	0.827019
5.0   0.3	1.22072
5.0   0.4	1.59261
5.0   0.5	1.93827
5.0   0.6	2.25505
5.0   0.7	2.54192
5.0   0.8	2.79918
5.0   0.9	3.02812
5.0   1.	3.23067
5.0   1.1	3.40911
5.0   1.2	3.56589
5.0   1.3	3.70341
5.0   1.4	3.82398
5.0   1.5	3.92971
5.0   1.6	4.02251
5.0   1.7	4.1041
5.0   1.8	4.17597
5.0   1.9	4.23943
5.0   2.	4.2956
5.0   2.1	4.34547
5.0   2.2	4.38987
5.0   2.3	4.42953
5.0   2.4	4.46506
5.0   2.5	4.49701
5.0   2.6	4.52581
5.0   2.7	4.55188
5.0   2.8	4.57554
5.0   2.9	4.59708
5.0   3.	4.61676
5.0   3.1	4.6348
5.0   3.2	4.65137
5.0   3.3	4.66665
5.0   3.4	4.68077
5.0   3.5	4.69387
5.0   3.6	4.70604
5.0   3.7	4.71738
5.0   3.8	4.72798
5.0   3.9	4.73791
5.0   4.	4.74724
5.0   4.1	4.75601
5.0   4.2	4.76429
5.0   4.3	4.77211
5.0   4.4	4.77952
5.0   4.5	4.78656
5.0   4.6	4.79325
5.0   4.7	4.79962
5.0   4.8	4.80571
5.0   4.9	4.81153
5.0   5.	4.8171
5.0   5.1	4.82245
5.0   5.2	4.82758
5.0   5.3	4.83252
5.0   5.4	4.83729
5.0   5.5	4.84189
5.0   5.6	4.84633
5.0   5.7	4.85063
5.0   5.8	4.85479
5.0   5.9	4.85883
5.0   6.	4.86275
5.0   6.1	4.86656
5.0   6.2	4.87027
5.0   6.3	4.87389
5.0   6.4	4.87741
5.0   6.5	4.88085
5.0   6.6	4.88421
5.0   6.7	4.88749
5.0   6.8	4.89071
5.0   6.9	4.89386
5.0   7.	4.89695
5.0   7.1	4.89997
5.0   7.2	4.90294
5.0   7.3	4.90586
5.0   7.4	4.90873
5.0   7.5	4.91155
5.0   7.6	4.91433
5.0   7.7	4.91706
5.0   7.8	4.91976
5.0   7.9	4.92241
5.0   8.	4.92503
5.0   8.1	4.92762
5.0   8.2	4.93017
5.0   8.3	4.93269
5.0   8.4	4.93518
5.0   8.5	4.93764
5.0   8.6	4.94008
5.0   8.7	4.94249
5.0   8.8	4.94487
5.0   8.9	4.94723
5.0   9.	4.94957
5.0   9.1	4.95189
5.0   9.2	4.95418
5.0   9.3	4.95646
5.0   9.4	4.95872
5.0   9.5	4.96096
5.0   9.6	4.96318
5.0   9.7	4.96538
5.0   9.8	4.96757
5.0   9.9	4.96975
5.0   10.	4.9719
5.0   10.1	4.97405
5.0   10.2	4.97618
5.0   10.3	4.9783
5.0   10.4	4.9804
5.0   10.5	4.9825
5.0   10.6	4.98458
5.0   10.7	4.98665
5.0   10.8	4.98871
5.0   10.9	4.99076
5.0   11.	4.9928
5.0   11.1	4.99483
5.0   11.2	4.99685
5.0   11.3	4.99886
5.0   11.4	5.00086
5.0   11.5	5.00285
5.0   11.6	5.00484
5.0   11.7	5.00682
5.0   11.8	5.00879
5.0   11.9	5.01075
5.0   12.	5.01271
5.0   12.1	5.01466
5.0   12.2	5.0166
5.0   12.3	5.01854
5.0   12.4	5.02047
5.0   12.5	5.02239
5.0   12.6	5.02431
5.0   12.7	5.02622
5.0   12.8	5.02813
5.0   12.9	5.03003
5.0   13.	5.03193
5.0   13.1	5.03382
5.0   13.2	5.03571
5.0   13.3	5.03759
5.0   13.4	5.03947
5.0   13.5	5.04134
5.0   13.6	5.04321
5.0   13.7	5.04507
5.0   13.8	5.04694
5.0   13.9	5.04879
5.0   14.	5.05065
10.0   3.02226E-5	-0.00394
10.0   0.13063	0.26896
10.0   0.26122	0.58054
10.0   0.39182	0.86156
10.0   0.52242	1.14328
10.0   0.65302	1.41376
10.0   0.78361	1.67053
10.0   0.91421	1.91275
10.0   1.04481	2.1395
10.0   1.17541	2.35039
10.0   1.306	2.54726
10.0   1.4366	2.72834
10.0   1.5672	2.89501
10.0   1.69779	3.0477
10.0   1.82839	3.18739
10.0   1.95899	3.31566
10.0   2.08959	3.43286
10.0   2.22018	3.53958
10.0   2.35078	3.63749
10.0   2.48138	3.7269
10.0   2.61197	3.80848
10.0   2.74257	3.88338
10.0   2.87317	3.96506
10.0   3.00377	4.01093
10.0   3.13436	4.0722
10.0   3.26496	4.12532
10.0   3.39556	4.17425
10.0   3.52615	4.21971
10.0   3.65675	4.26173
10.0   3.78735	4.30034
10.0   3.91795	4.33599
10.0   4.04854	4.36933
10.0   4.17914	4.40063
10.0   4.30974	4.42926
10.0   4.44034	4.45647
10.0   4.57093	4.48152
10.0   4.70153	4.50538
10.0   4.83213	4.52744
10.0   4.96272	4.54812
10.0   5.09332	4.56774
10.0   5.22392	4.58613
10.0   5.35452	4.60364
10.0   5.48511	4.62016
10.0   5.61571	4.63559
10.0   5.74631	4.65045
10.0   5.8769	4.66447
10.0   6.0075	4.68135
10.0   6.1381	4.68997
10.0   6.2687	4.70231
10.0   6.39929	4.71378
10.0   6.52989	4.72477
10.0   6.66049	4.73524
10.0   6.79108	4.74538
10.0   6.92168	4.75511
10.0   7.05228	4.76418
10.0   7.18288	4.77289
10.0   7.31347	4.7817
10.0   7.44407	4.78991
10.0   7.57467	4.79792
10.0   7.70526	4.80551
10.0   7.83586	4.81286
10.0   7.96646	4.82027
10.0   8.09706	4.82698
10.0   8.22765	4.83383
10.0   8.35825	4.84008
10.0   8.48885	4.84658
10.0   8.61945	4.85282
10.0   8.75004	4.85903
10.0   8.88064	4.86485
10.0   9.01124	4.87027
10.0   9.14183	4.87714
10.0   9.27243	4.88104
10.0   9.40303	4.88625
10.0   9.53363	4.89145
10.0   9.66422	4.89641
10.0   9.79482	4.90146
10.0   9.92542	4.90602
10.0   10.05601	4.91094
10.0   10.18661	4.91588
10.0   10.31721	4.91989
10.0   10.44781	4.92452
10.0   10.5784	4.9291
10.0   10.709	4.9335
10.0   10.8396	4.93746
10.0   10.97019	4.94171
10.0   11.10079	4.94613
10.0   11.23139	4.94993
10.0   11.36199	4.95411
10.0   11.49258	4.95807
10.0   11.62318	4.96171
10.0   11.75378	4.9656
10.0   11.88438	4.96926
10.0   12.01497	4.97289
10.0   12.14557	4.97704
10.0   12.27617	4.9817
10.0   12.40676	4.98386
10.0   12.53736	4.98734
10.0   12.66796	4.99094
10.0   12.79856	4.99443
10.0   12.92915	4.9977
10.0   13.05975	5.00124
10.0   13.19035	5.00476
10.0   13.32094	5.00803
10.0   13.45154	5.01115
10.0   13.58214	5.01471
10.0   13.71274	5.01788
10.0   13.84333	5.02147
10.0   13.97393	5.0246
20.0   3.64449E-5	-0.00201
20.0   0.00142	-4.24412E-4
20.0   0.00571	0.00444
20.0   0.01283	0.01252
20.0   0.02287	0.02392
20.0   0.03571	0.03848
20.0   0.05144	0.0563
20.0   0.07004	0.07736
20.0   0.09145	0.1016
20.0   0.11576	0.12912
20.0   0.14289	0.15973
20.0   0.17288	0.19357
20.0   0.20574	0.23062
20.0   0.24143	0.27079
20.0   0.28003	0.31416
20.0   0.32144	0.36058
20.0   0.36569	0.41007
20.0   0.41287	0.4627
20.0   0.46281	0.51817
20.0   0.5157	0.57685
20.0   0.5714	0.63815
20.0   0.62997	0.70236
20.0   0.6914	0.76923
20.0   0.75566	0.83874
20.0   0.82282	0.91072
20.0   0.89281	0.98521
20.0   0.96564	1.06204
20.0   1.04135	1.14111
20.0   1.11992	1.22214
20.0   1.20132	1.30513
20.0   1.2856	1.38995
20.0   1.37273	1.47626
20.0   1.46272	1.564
20.0   1.55559	1.65281
20.0   1.6513	1.74249
20.0   1.74986	1.83324
20.0   1.85128	1.9244
20.0   1.95554	2.01621
20.0   2.0627	2.10786
20.0   2.17267	2.19951
20.0   2.28552	2.29094
20.0   2.40123	2.38245
20.0   2.51978	2.47279
20.0   2.64121	2.56219
20.0   2.76549	2.65037
20.0   2.89262	2.73728
20.0   3.02257	2.82277
20.0   3.15543	2.90693
20.0   3.29113	2.98929
20.0   3.4297	3.06954
20.0   3.57109	3.14797
20.0   3.7154	3.22445
20.0   3.86251	3.29883
20.0   4.0125	3.37121
20.0   4.16534	3.44103
20.0   4.32103	3.50919
20.0   4.47961	3.57466
20.0   4.64102	3.63803
20.0   4.80527	3.69888
20.0   4.97238	3.75802
20.0   5.14238	3.81431
20.0   5.31521	3.86912
20.0   5.49093	3.92132
20.0   5.66948	3.97189
20.0   5.8509	4.01847
20.0   6.03515	4.06511
20.0   6.22228	4.10936
20.0   6.41226	4.15198
20.0   6.6051	4.19262
20.0   6.80077	4.23155
20.0   6.99932	4.26905
20.0   7.20076	4.30483
20.0   7.40501	4.33894
20.0   7.61212	4.37143
20.0   7.82211	4.40312
20.0   8.03495	4.43326
20.0   8.25063	4.46185
20.0   8.46919	4.48966
20.0   8.69059	4.51621
20.0   8.91485	4.54086
20.0   9.14198	4.56534
20.0   9.37196	4.58932
20.0   9.60478	4.61122
20.0   9.84048	4.63264
20.0   10.07902	4.6534
20.0   10.32043	4.67347
20.0   10.56464	4.69365
20.0   10.81179	4.712
20.0   11.06178	4.72957
20.0   11.31461	4.74658
20.0   11.57027	4.76346
20.0   11.82883	4.77919
20.0   12.09024	4.79512
20.0   12.3545	4.8102
20.0   12.62159	4.82452
20.0   12.8916	4.83912
20.0   13.16441	4.85267
20.0   13.44011	4.8665
20.0   13.71864	4.87983
20.0   14.00004	4.8924
40.0   7.1112E-6	-9.79964E-4
40.0   0.13063	0.07133
40.0   0.26126	0.14112
40.0   0.39189	0.21503
40.0   0.52251	0.28837
40.0   0.65314	0.3614
40.0   0.78377	0.43398
40.0   0.91439	0.50612
40.0   1.04502	0.57824
40.0   1.17565	0.64994
40.0   1.30627	0.72106
40.0   1.4369	0.79201
40.0   1.56753	0.86216
40.0   1.69815	0.93206
40.0   1.82878	1.00149
40.0   1.95941	1.07011
40.0   2.09003	1.13851
40.0   2.22066	1.20606
40.0   2.35129	1.27315
40.0   2.48191	1.33935
40.0   2.61254	1.4051
40.0   2.74317	1.47011
40.0   2.87379	1.54563
40.0   3.00442	1.59696
40.0   3.13505	1.6602
40.0   3.26567	1.72227
40.0   3.3963	1.78321
40.0   3.52693	1.8439
40.0   3.65755	1.90353
40.0   3.78818	1.96246
40.0   3.91881	2.02034
40.0   4.04943	2.07748
40.0   4.18006	2.13377
40.0   4.31069	2.18913
40.0   4.44131	2.24384
40.0   4.57194	2.29779
40.0   4.70257	2.35062
40.0   4.83319	2.40258
40.0   4.96382	2.45383
40.0   5.09445	2.50415
40.0   5.22507	2.55386
40.0   5.3557	2.60264
40.0   5.48632	2.65064
40.0   5.61695	2.69746
40.0   5.74758	2.74367
40.0   5.8782	2.78928
40.0   6.00883	2.8445
40.0   6.13946	2.87533
40.0   6.27008	2.92143
40.0   6.40071	2.96335
40.0   6.53134	3.00514
40.0   6.66196	3.04575
40.0   6.79259	3.08553
40.0   6.92322	3.1245
40.0   7.05384	3.16317
40.0   7.18447	3.20078
40.0   7.3151	3.23756
40.0   7.44572	3.27406
40.0   7.57635	3.31542
40.0   7.70698	3.34345
40.0   7.8376	3.37778
40.0   7.96823	3.41133
40.0   8.09886	3.44399
40.0   8.22948	3.47627
40.0   8.36011	3.5081
40.0   8.49074	3.5391
40.0   8.62136	3.56947
40.0   8.75199	3.59896
40.0   8.88262	3.62868
40.0   9.01324	3.65717
40.0   9.14387	3.69385
40.0   9.2745	3.71313
40.0   9.40512	3.74065
40.0   9.53575	3.76728
40.0   9.66638	3.7933
40.0   9.797	3.81905
40.0   9.92763	3.844
40.0   10.05826	3.86848
40.0   10.18888	3.8927
40.0   10.31951	3.91623
40.0   10.45014	3.93935
40.0   10.58076	3.96219
40.0   10.71139	3.98431
40.0   10.84202	4.00641
40.0   10.97264	4.0279
40.0   11.10327	4.04899
40.0   11.2339	4.06958
40.0   11.36452	4.08991
40.0   11.49515	4.10989
40.0   11.62578	4.12934
40.0   11.7564	4.14874
40.0   11.88703	4.16771
40.0   12.01766	4.18609
40.0   12.14828	4.20437
40.0   12.27891	4.22754
40.0   12.40954	4.23956
40.0   12.54016	4.26221
40.0   12.67079	4.27305
40.0   12.80142	4.28974
40.0   12.93204	4.3061
40.0   13.06267	4.32225
40.0   13.1933	4.33802
40.0   13.32392	4.3537
40.0   13.45455	4.36912
40.0   13.58517	4.38407
40.0   13.7158	4.3991
40.0   13.84643	4.41349
40.0   13.97705	4.42776