Chi2_total=0.999743      values= [  1.63914368   1.57172936   1.39464534  81.12927193  79.6344487
  54.71182421   0.50406886   0.30169821   0.12213388]
[[  0.0908   0.       0.    ]
 [  0.       0.       0.    ]
 [-19.4718   0.       0.    ]]
g_diagonal=[[  0.      0.      0.   ]
 [  0.      0.      0.   ]
 [  0.      0.     19.472]]
roration_along_y=0.267141458827

Chi2=0.264
Energy(meV)    I_exp    Error_exp    I_calc   
  7.125    0.0312   0.0092   0.0184
   7.275    0.0131   0.0096   0.0189
   7.425    0.0094   0.0086   0.0194
   7.575    0.0113   0.0091   0.0199
   7.725    0.0333   0.0091   0.0205
   7.875    0.0261   0.009    0.0211
   8.025    0.0184   0.0092   0.0217
   8.175    0.0119   0.0093   0.0223
   8.325    0.0143   0.0091   0.023 
   8.475    0.0221   0.0096   0.0237
   8.625    0.0019   0.0096   0.0244
   8.775    0.0143   0.0094   0.0252
   8.925    0.0002   0.0093   0.026 
   9.075   -0.0055   0.0099   0.0269
   9.225    0.0222   0.0098   0.0278
   9.375    0.0351   0.0107   0.0288
   9.525    0.0432   0.0109   0.0298
   9.675    0.0422   0.0113   0.0309
   9.825    0.0218   0.0114   0.032 
   9.975    0.0324   0.0118   0.0332
  10.125    0.019    0.0114   0.0345
  10.275    0.0438   0.0119   0.0359
  10.425    0.0499   0.0122   0.0374
  10.575    0.039    0.0113   0.0389
  10.725    0.0239   0.0115   0.0406
  10.875    0.0362   0.0116   0.0424
  11.025    0.0648   0.0113   0.0443
  11.175    0.0284   0.0106   0.0464
  11.325    0.0629   0.011    0.0487
  11.475    0.0367   0.0105   0.0511
  11.625    0.0258   0.0102   0.0537
  11.775    0.0399   0.0106   0.0565
  11.925    0.0331   0.0101   0.0596
  12.075    0.0415   0.0096   0.063 
  12.225    0.0108   0.01     0.0666
  12.375    0.0294   0.0098   0.0706
  12.525    0.0606   0.0106   0.0751
  12.675    0.0521   0.0101   0.0799
  12.825    0.0571   0.0102   0.0853
  12.975    0.0645   0.0106   0.0913
  13.125    0.0949   0.011    0.098 
  13.275    0.0877   0.0106   0.1054
  13.425    0.0982   0.0108   0.1138
  13.575    0.122    0.0106   0.1232
  13.725    0.1244   0.0111   0.1339
  13.875    0.1455   0.0112   0.1461
  14.025    0.1832   0.0113   0.1601
  14.175    0.1746   0.0112   0.1761
  14.325    0.1906   0.0115   0.1947
  14.475    0.2126   0.0118   0.2163
  14.625    0.2783   0.0125   0.2414
  14.775    0.3029   0.0134   0.2709
  14.925    0.375    0.0139   0.3056
  15.075    0.4036   0.0143   0.3464
  15.225    0.4583   0.0147   0.3943
  15.375    0.5843   0.016    0.4501
  15.525    0.6412   0.0165   0.5142
  15.675    0.6906   0.0168   0.5862
  15.825    0.7839   0.0174   0.6636
  15.975    0.8838   0.0175   0.7421
  16.125    0.9294   0.0182   0.8145
  16.275    0.9434   0.0179   0.8725
  16.425    0.985    0.018    0.9084
  16.575    1.       0.018    0.918 
  16.725    0.9796   0.0178   0.9012
  16.875    0.9763   0.0177   0.8618
  17.025    0.8768   0.0172   0.806 
  17.175    0.7772   0.0163   0.7411
  17.325    0.7162   0.0158   0.6738
  17.475    0.6246   0.0152   0.6098
  17.625    0.5692   0.0149   0.5526
  17.775    0.5095   0.014    0.5042
  17.925    0.4346   0.0134   0.465 
  18.075    0.3588   0.0126   0.4349
  18.225    0.3862   0.0123   0.4134
  18.375    0.3333   0.0119   0.4002
  18.525    0.3715   0.0123   0.3947
  18.675    0.3733   0.0121   0.3969
  18.825    0.3866   0.0121   0.4068
  18.975    0.3833   0.0123   0.4246
  19.125    0.4554   0.0136   0.4508
  19.275    0.5048   0.0127   0.4855
  19.425    0.5151   0.0127   0.5286
  19.575    0.5599   0.0135   0.5792
  19.725    0.6025   0.0133   0.6349
  19.875    0.6715   0.0142   0.6915
  20.025    0.6957   0.0135   0.743 
  20.175    0.7345   0.0136   0.783 
  20.325    0.7604   0.0143   0.8058
  20.475    0.7457   0.0137   0.8083
  20.625    0.7457   0.0136   0.79  
  20.775    0.7011   0.014    0.7526
  20.925    0.6935   0.0149   0.7   
  21.075    0.6615   0.0236   0.6376
  21.225    0.6225   0.0142   0.5714
  21.375    0.5479   0.0139   0.5064
  21.525    0.4611   0.0302   0.4461
  21.675    0.4309   0.0186   0.3921
  21.825    0.3697   0.012    0.3451
  21.975    0.3377   0.0112   0.3047
  22.125    0.2981   0.0113   0.2702
  22.275    0.2398   0.011    0.2408
  22.425    0.2128   0.0107   0.2158
  22.575    0.2057   0.0241   0.1944
  22.725    0.1537   0.01     0.1761
  22.875    0.1277   0.0102   0.1603
  23.025    0.1092   0.0103   0.1466
  23.175    0.1041   0.0097   0.1347
  23.325    0.0751   0.0105   0.1244
  23.475    0.0706   0.0115   0.1152
  23.625    0.0461   0.0129   0.1072
  23.775    0.0712   0.0119   0.1001
  23.925    0.0477   0.0123   0.0938
  24.075    0.0335   0.0113   0.0882
  24.225    0.0735   0.0334   0.0831
  24.375    0.0237   0.0105   0.0786
  24.525    0.0231   0.0107   0.0745
  24.675    0.0322   0.0099   0.0709
  24.825    0.0448   0.01     0.0676
  24.975    0.0433   0.0088   0.0646
  25.125    0.0372   0.0113   0.0619
  25.275    0.0395   0.0113   0.0594
  25.425    0.0409   0.0117   0.0572
  25.575    0.0336   0.0132   0.0552
  25.725    0.0477   0.015    0.0533
  25.875    0.0146   0.0157   0.0517
  26.025    0.0273   0.0193   0.0502
  26.175    0.0504   0.0275   0.0488
  26.325    0.0134   0.0283   0.0476
  26.475    0.068    0.0589   0.0465

Chi2=0.283
Energy(meV)    I_exp    Error_exp    I_calc   
  2.025    0.3346   0.0276   0.2108
   2.175    0.3433   0.0245   0.2446
   2.325    0.3809   0.0238   0.2889
   2.475    0.4263   0.0228   0.3469
   2.625    0.5207   0.0228   0.4227
   2.775    0.6292   0.0231   0.5197
   2.925    0.8112   0.024    0.637 
   3.075    0.87     0.0249   0.7631
   3.225    0.9807   0.0249   0.8697
   3.375    0.9554   0.0244   0.9234
   3.525    1.       0.0237   0.9173
   3.675    0.9706   0.0234   0.8816
   3.825    0.9171   0.0231   0.8546
   3.975    0.9026   0.0228   0.8566
   4.125    0.9647   0.0231   0.8835
   4.275    0.9022   0.0226   0.9082
   4.425    0.8642   0.0227   0.8922
   4.575    0.7418   0.0212   0.817 
   4.725    0.5853   0.0193   0.7015
   4.875    0.4655   0.019    0.5788
   5.025    0.3687   0.0165   0.4704
   5.175    0.261    0.0158   0.3829
   5.325    0.2003   0.0149   0.3147
   5.475    0.1783   0.0159   0.2621
   5.625    0.117    0.0139   0.2213
   5.775    0.1323   0.0143   0.1892
   5.925    0.1355   0.0136   0.1638
   6.075    0.0998   0.013    0.1433
   6.225    0.1055   0.0126   0.1268
   6.375    0.0985   0.0129   0.1132
   6.525    0.0721   0.0129   0.1021
   6.675    0.071    0.0127   0.0929
   6.825    0.0812   0.0127   0.0852
   6.975    0.09     0.0131   0.0788
   7.125    0.0816   0.0128   0.0734
   7.275    0.073    0.0121   0.069 
   7.425    0.0736   0.0121   0.0653
   7.575    0.0602   0.0126   0.0622
   7.725    0.073    0.0119   0.0595
   7.875    0.0742   0.0125   0.0571
   8.025    0.0829   0.0128   0.0548
   8.175    0.08     0.0125   0.0528
   8.325    0.0747   0.0123   0.051 
   8.475    0.0731   0.0118   0.0495
   8.625    0.0516   0.0123   0.0484
   8.775    0.0801   0.0115   0.0476
   8.925    0.0605   0.0128   0.0471
   9.075    0.0846   0.0132   0.0468
   9.225    0.0849   0.0133   0.0468
   9.375    0.0592   0.0128   0.0467
   9.525    0.0805   0.0134   0.0464
   9.675    0.0437   0.0128   0.0461
   9.825    0.0527   0.0136   0.0459
   9.975    0.0681   0.0142   0.046 
  10.125    0.0765   0.0146   0.0464
  10.275    0.0637   0.0146   0.0471
  10.425    0.0779   0.0144   0.0482
  10.575    0.0809   0.0153   0.0495
  10.725    0.0778   0.0158   0.0512
  10.875    0.0467   0.015    0.053 
  11.025    0.0574   0.014    0.0549
  11.175    0.0752   0.0146   0.0568
  11.325    0.0524   0.0141   0.0588
  11.475    0.0829   0.0134   0.0607
  11.625    0.0745   0.0133   0.0626
  11.775    0.0682   0.0141   0.0644
  11.925    0.1022   0.0131   0.066 
  12.075    0.0815   0.0131   0.0675
  12.225    0.098    0.0136   0.0688
  12.375    0.0793   0.014    0.07  
  12.525    0.0594   0.0129   0.0712
  12.675    0.0697   0.0132   0.0726
  12.825    0.0839   0.0129   0.0742
  12.975    0.1049   0.0129   0.0763
  13.125    0.0906   0.0127   0.0788
  13.275    0.095    0.0124   0.082 
  13.425    0.0934   0.0124   0.0859
  13.575    0.1065   0.0127   0.0904
  13.725    0.0892   0.0121   0.0958
  13.875    0.1132   0.0122   0.1021
  14.025    0.112    0.0123   0.1095
  14.175    0.11     0.0127   0.1182
  14.325    0.1124   0.0126   0.1284
  14.475    0.1208   0.0126   0.1406
  14.625    0.1453   0.0127   0.155 
  14.775    0.1477   0.0134   0.1721
  14.925    0.1422   0.0128   0.1924
  15.075    0.1789   0.0133   0.2165
  15.225    0.2159   0.0143   0.2448
  15.375    0.2437   0.0141   0.2777
  15.525    0.2721   0.0151   0.3156
  15.675    0.3108   0.0148   0.3578
  15.825    0.3429   0.0156   0.4028
  15.975    0.3922   0.0159   0.4477
  16.125    0.4017   0.016    0.4883
  16.275    0.4598   0.0161   0.5196
  16.425    0.4644   0.0158   0.5375
  16.575    0.492    0.0159   0.5399
  16.725    0.4856   0.0161   0.5274
  16.875    0.4937   0.0158   0.5025
  17.025    0.506    0.0159   0.4691
  17.175    0.4963   0.0162   0.4311
  17.325    0.4631   0.0157   0.3924
  17.475    0.4509   0.0153   0.3559
  17.625    0.4358   0.016    0.3235
  17.775    0.4059   0.0145   0.2961
  17.925    0.3667   0.0149   0.2741
  18.075    0.3432   0.0144   0.2573
  18.225    0.3225   0.0135   0.2454
  18.375    0.3033   0.0136   0.2382
  18.525    0.2818   0.0136   0.2354
  18.675    0.2343   0.0124   0.2371
  18.825    0.2512   0.0126   0.2433
  18.975    0.2282   0.0126   0.254 
  19.125    0.2675   0.0133   0.2695
  19.275    0.2546   0.0122   0.29  
  19.425    0.2545   0.0129   0.3155
  19.575    0.2644   0.0143   0.3455
  19.725    0.2936   0.0123   0.3787
  19.875    0.3226   0.0129   0.4128
  20.025    0.308    0.0131   0.4446
  20.175    0.3226   0.0128   0.4704
  20.325    0.3502   0.0138   0.4869
  20.475    0.3659   0.0131   0.4918
  20.625    0.3701   0.0129   0.4843
  20.775    0.3557   0.0134   0.4647
  20.925    0.3435   0.0131   0.4349
  21.075    0.3561   0.0133   0.3984
  21.225    0.3637   0.0211   0.3588
  21.375    0.3339   0.0137   0.3196
  21.525    0.3488   0.0138   0.2829
  21.675    0.2774   0.0134   0.2501
  21.825    0.2772   0.0143   0.2214
  21.975    0.2685   0.0359   0.1965
  22.125    0.2115   0.0122   0.1752
  22.275    0.1728   0.0129   0.1568
  22.425    0.1839   0.013    0.1409
  22.575    0.1493   0.0121   0.1273
  22.725    0.1466   0.0125   0.1154
  22.875    0.1333   0.0129   0.1052
  23.025    0.0873   0.0121   0.0964
  23.175    0.0829   0.0131   0.0886
  23.325    0.0689   0.0132   0.0819
  23.475    0.0555   0.0136   0.0761
  23.625    0.0661   0.0132   0.0709
  23.775    0.0257   0.0137   0.0664
  23.925    0.0398   0.015    0.0623
  24.075    0.0745   0.039    0.0588
  24.225    0.0391   0.0138   0.0556
  24.375    0.018    0.0144   0.0527
  24.525    0.0145   0.0132   0.0502
  24.675    0.0089   0.0144   0.0479
  24.825    0.0282   0.0124   0.0459
  24.975    0.0319   0.0131   0.044 
  25.125    0.0306   0.0147   0.0424
  25.275    0.0295   0.013    0.0409
  25.425    0.0797   0.0474   0.0395
  25.575    0.0118   0.0139   0.0383
  25.725    0.0383   0.0158   0.0372
  25.875    0.0409   0.0206   0.0363
  26.025    0.0658   0.0199   0.0354
  26.175    0.0319   0.0232   0.0346
  26.325    0.01     0.0321   0.0339
  26.475    0.037    0.04     0.0333

Chi2=0.255
Energy(meV)    I_exp    Error_exp    I_calc   
 24.9      0.0692   0.0117   0.0642
  25.5      0.0614   0.0107   0.0558
  26.1      0.0444   0.0104   0.0498
  26.7      0.0414   0.0098   0.0457
  27.3      0.0619   0.01     0.0432
  27.9      0.0557   0.0101   0.0421
  28.5      0.043    0.0097   0.0425
  29.1      0.0369   0.0094   0.0445
  29.7      0.0345   0.0098   0.0485
  30.3      0.0553   0.0102   0.0549
  30.9      0.0679   0.0097   0.0639
  31.5      0.0583   0.01     0.0743
  32.1      0.0712   0.0108   0.0824
  32.7      0.0946   0.0108   0.0832
  33.3      0.1038   0.0109   0.0756
  33.9      0.0807   0.0102   0.0643
  34.5      0.083    0.0105   0.0536
  35.1      0.0583   0.0099   0.0452
  35.7      0.0572   0.0104   0.0392
  36.3      0.0592   0.0102   0.0349
  36.9      0.0406   0.0102   0.0321
  37.5      0.0491   0.0094   0.0302
  38.1      0.0441   0.0094   0.029 
  38.7      0.0471   0.0094   0.0285
  39.3      0.0474   0.0096   0.0284
  39.9      0.0433   0.0091   0.0287
  40.5      0.0482   0.0085   0.0295
  41.1      0.0567   0.0091   0.0306
  41.7      0.0399   0.0087   0.0321
  42.3      0.0507   0.0089   0.0341
  42.9      0.0616   0.0092   0.0365
  43.5      0.0635   0.009    0.0396
  44.1      0.0663   0.0093   0.0433
  44.7      0.0652   0.0095   0.0478
  45.3      0.0837   0.0096   0.0535
  45.9      0.0812   0.009    0.0604
  46.5      0.1041   0.01     0.0692
  47.1      0.1161   0.0106   0.0803
  47.7      0.1126   0.0099   0.0946
  48.3      0.1687   0.0114   0.1135
  48.9      0.2038   0.0123   0.1389
  49.5      0.2246   0.0129   0.1738
  50.1      0.2839   0.0139   0.2233
  50.7      0.3067   0.0143   0.2949
  51.3      0.388    0.0157   0.3997
  51.9      0.4611   0.0173   0.5483
  52.5      0.5394   0.0185   0.7318
  53.1      0.6849   0.0201   0.8918
  53.7      0.9125   0.023    0.9631
  54.3      1.       0.0237   0.9576
  54.9      0.9565   0.0227   0.8777
  55.5      0.6941   0.0197   0.7145
  56.1      0.485    0.0169   0.5331
  56.7      0.3308   0.0141   0.3889
  57.3      0.2395   0.012    0.2884
  57.9      0.1669   0.0099   0.2203
  58.5      0.1196   0.0091   0.1739
  59.1      0.1097   0.0087   0.1417
  59.7      0.0961   0.0085   0.1192
  60.3      0.0948   0.0085   0.1038
  60.9      0.0868   0.0078   0.0939
  61.5      0.0992   0.0081   0.089 
  62.1      0.1039   0.0083   0.0896
  62.7      0.1024   0.0083   0.0969
  63.3      0.1264   0.0086   0.1115
  63.9      0.1262   0.0089   0.1281
  64.5      0.1256   0.0087   0.1314
  65.1      0.109    0.0082   0.1196
  65.7      0.0762   0.0073   0.1092
  66.3      0.0798   0.0067   0.106 
  66.9      0.083    0.0073   0.101 
  67.5      0.0802   0.0072   0.0864
  68.1      0.0672   0.0068   0.0696
  68.7      0.0703   0.0068   0.0577
  69.3      0.0606   0.0062   0.0515
  69.9      0.0592   0.0065   0.0502
  70.5      0.0673   0.0063   0.0543
  71.1      0.0658   0.0062   0.0644
  71.7      0.0473   0.0054   0.0782
  72.3      0.0512   0.006    0.0835
  72.9      0.0511   0.0056   0.0753
  73.5      0.0474   0.006    0.0671
  74.1      0.0404   0.0055   0.065 
  74.7      0.0464   0.0057   0.0612
  75.3      0.0348   0.0055   0.0516
  75.9      0.0393   0.0054   0.0404
  76.5      0.0447   0.0191   0.0307
  77.1      0.0229   0.0055   0.024 
  77.7      0.0243   0.006    0.0195
  78.3      0.0262   0.0055   0.0165
  78.9      0.0258   0.0054   0.0144
  79.5      0.0305   0.0067   0.0128
  80.1      0.0244   0.0059   0.0115
  80.7      0.0127   0.0057   0.0105
  81.3      0.0092   0.0044   0.0096
  81.9      0.0082   0.0056   0.0089
  82.5      0.0137   0.0048   0.0083
  83.1      0.0052   0.0048   0.0078
  83.7      0.006    0.005    0.0073
  84.3      0.0064   0.0053   0.0069
  84.9      0.0098   0.0046   0.0066
  85.5      0.003    0.0042   0.0062
  86.1      0.0056   0.0059   0.0059
  86.7      0.0106   0.0047   0.0056
  87.3      0.0161   0.0051   0.0054
  87.9      0.0673   0.0473   0.0052
  88.5      0.0079   0.0073   0.0049
  89.1      0.0051   0.0075   0.0047
  89.7      0.0087   0.0077   0.0046
  90.3      0.0126   0.0086   0.0044
  90.9      0.0032   0.007    0.0042
  91.5      0.0009   0.0089   0.0041
  92.1      0.0112   0.0105   0.0039
  92.7      0.0303   0.0261   0.0038

Chi2=0.198
Energy(meV)    I_exp    Error_exp    I_calc   
 24.9      0.1198   0.0169   0.0741
  25.5      0.0958   0.016    0.0657
  26.1      0.0707   0.0144   0.0599
  26.7      0.0648   0.0155   0.0562
  27.3      0.0922   0.0155   0.0543
  27.9      0.0632   0.0147   0.054 
  28.5      0.0593   0.0158   0.0554
  29.1      0.0796   0.0151   0.0588
  29.7      0.069    0.015    0.0646
  30.3      0.0963   0.0155   0.0735
  30.9      0.1114   0.0161   0.0857
  31.5      0.1113   0.015    0.1005
  32.1      0.1261   0.0163   0.1141
  32.7      0.1332   0.0177   0.1215
  33.3      0.1275   0.0167   0.1213
  33.9      0.1311   0.0175   0.1166
  34.5      0.1116   0.0163   0.1105
  35.1      0.1214   0.0163   0.1053
  35.7      0.133    0.0166   0.1025
  36.3      0.1096   0.0164   0.1014
  36.9      0.1166   0.0171   0.0988
  37.5      0.1112   0.0165   0.0932
  38.1      0.1261   0.0158   0.0864
  38.7      0.1196   0.0148   0.0806
  39.3      0.0983   0.0147   0.0772
  39.9      0.0859   0.0142   0.0769
  40.5      0.0836   0.0137   0.08  
  41.1      0.0946   0.0135   0.0865
  41.7      0.0935   0.0138   0.0959
  42.3      0.1138   0.0144   0.1073
  42.9      0.102    0.0138   0.1196
  43.5      0.1182   0.0146   0.1312
  44.1      0.13     0.0151   0.1402
  44.7      0.1263   0.0139   0.1474
  45.3      0.1183   0.0136   0.1546
  45.9      0.1464   0.0144   0.1605
  46.5      0.1497   0.0149   0.1632
  47.1      0.1473   0.0148   0.1654
  47.7      0.1728   0.0154   0.1723
  48.3      0.2175   0.0163   0.1879
  48.9      0.2553   0.0179   0.2154
  49.5      0.291    0.0186   0.2557
  50.1      0.3917   0.0201   0.3077
  50.7      0.4758   0.0211   0.3753
  51.3      0.4643   0.0212   0.4729
  51.9      0.5118   0.0224   0.6146
  52.5      0.5958   0.0235   0.7931
  53.1      0.6998   0.0256   0.9523
  53.7      0.9198   0.028    1.0301
  54.3      1.       0.0292   1.039 
  54.9      0.9842   0.0285   0.9758
  55.5      0.7997   0.0259   0.8221
  56.1      0.5996   0.0226   0.6349
  56.7      0.4181   0.0197   0.473 
  57.3      0.3058   0.0174   0.3547
  57.9      0.2355   0.0155   0.2741
  58.5      0.1954   0.0136   0.2192
  59.1      0.1678   0.0132   0.1799
  59.7      0.1711   0.0128   0.1498
  60.3      0.1322   0.0124   0.1273
  60.9      0.1127   0.0116   0.1117
  61.5      0.1136   0.0116   0.1023
  62.1      0.1225   0.0112   0.099 
  62.7      0.1316   0.0118   0.1024
  63.3      0.1482   0.0125   0.1128
  63.9      0.1551   0.0119   0.1254
  64.5      0.1321   0.0108   0.1267
  65.1      0.1159   0.0108   0.1155
  65.7      0.0936   0.01     0.1057
  66.3      0.0894   0.0097   0.1023
  66.9      0.0931   0.0091   0.0971
  67.5      0.1004   0.0092   0.0837
  68.1      0.0796   0.0089   0.0688
  68.7      0.0694   0.0087   0.0583
  69.3      0.0605   0.0081   0.053 
  69.9      0.0685   0.0082   0.0523
  70.5      0.0741   0.008    0.0569
  71.1      0.0597   0.0078   0.0675
  71.7      0.0585   0.0077   0.0817
  72.3      0.055    0.0071   0.0872
  72.9      0.0507   0.0077   0.0786
  73.5      0.052    0.0069   0.0701
  74.1      0.0503   0.007    0.0678
  74.7      0.0377   0.007    0.0634
  75.3      0.0496   0.0075   0.0533
  75.9      0.0388   0.0075   0.0419
  76.5      0.033    0.0074   0.0322
  77.1      0.0321   0.0075   0.0256
  77.7      0.0338   0.0071   0.0212
  78.3      0.034    0.0061   0.0181
  78.9      0.0257   0.0062   0.0159
  79.5      0.019    0.0062   0.0143
  80.1      0.0234   0.0063   0.013 
  80.7      0.015    0.007    0.0119
  81.3      0.0206   0.0069   0.0111
  81.9      0.0127   0.0052   0.0103
  82.5      0.0135   0.0064   0.0097
  83.1      0.012    0.0059   0.0091
  83.7      0.0069   0.0056   0.0086
  84.3      0.0179   0.0075   0.0081
  84.9      0.0235   0.008    0.0077
  85.5      0.0059   0.0054   0.0074
  86.1      0.0067   0.0063   0.007 
  86.7      0.005    0.0055   0.0067
  87.3      0.0184   0.0072   0.0065
  87.9      0.0114   0.0069   0.0062
  88.5      0.0043   0.0066   0.006 
  89.1      0.014    0.0081   0.0057
  89.7      0.0191   0.0097   0.0055
  90.3      0.0091   0.0078   0.0053
  90.9      0.0181   0.0109   0.0051
  91.5      0.0169   0.0126   0.005 
  92.1      0.0108   0.0123   0.0048
  92.7      0.0769   0.0695   0.0046

Chi2=0.089
Temperautre(K)    1/Chi_exp(mol/emu)    1/Chi_clac(mol/emu)   
   2.        0.2151    0.197 
    7.        0.5625    0.595 
   12.        0.9606    1.0062
   17.        1.3707    1.4156
   22.        1.7822    1.822 
   27.        2.1924    2.2251
   32.        2.6106    2.6249
   37.        3.0205    3.0216
   42.        3.4283    3.4153
   47.        3.8344    3.8062
   52.        4.2384    4.1945
   57.        4.6408    4.5804
   62.        5.0422    4.9639
   67.        5.4431    5.3452
   72.        5.8426    5.7245
   77.        6.2406    6.1019
   82.        6.6354    6.4774
   87.        7.0304    6.8511
   92.        7.427     7.2232
   97.        7.8181    7.5936
  102.        8.2081    7.9625
  107.        8.5991    8.3299
  112.        8.9876    8.6959
  117.        9.3763    9.0606
  122.        9.7615    9.4241
  127.       10.1421    9.7863
  132.       10.5221   10.1474
  137.       10.9024   10.5074
  142.       11.2816   10.8665
  147.       11.6617   11.2246
  152.       12.0412   11.5819
  157.       12.4212   11.9383
  162.       12.7966   12.294 
  167.       13.1683   12.6491
  172.       13.547    13.0035
  177.       13.9248   13.3573
  182.       14.2972   13.7106
  187.       14.6735   14.0634
  192.       15.048    14.4157
  197.       15.4226   14.7677
  202.       15.7926   15.1193
  207.       16.1587   15.4706
  212.       16.5335   15.8216
  217.       16.9124   16.1724
  222.       17.2885   16.5229
  227.       17.6622   16.8733
  232.       18.0372   17.2234
  237.       18.4131   17.5734
  242.       18.7736   17.9233
  247.       19.1278   18.2731
  252.       19.4989   18.6228
  257.       19.8715   18.9724
  262.       20.2444   19.322 
  267.       20.6197   19.6715
  272.       20.9977   20.021 
  277.       21.3763   20.3704
  282.       21.7346   20.7199
  287.       22.084    21.0693
  292.       22.459    21.4188
  297.       22.8283   21.7682
  302.       23.1899   22.1177
  307.       23.5576   22.4672
  312.       23.9284   22.8167
  317.       24.3005   23.1663
  322.       24.6543   23.5159
  327.       24.9935   23.8656
  332.       25.3568   24.2153
  337.       25.7237   24.5651
  342.       26.0913   24.9149
  347.       26.4629   25.2648
  352.       26.8299   25.6147
  357.       27.2008   25.9647
  362.       27.5725   26.3147
  367.       27.9402   26.6649
  372.       28.3129   27.015 
  377.       28.6854   27.3653
  382.       29.0639   27.7156
  387.       29.4482   28.0659
  392.       29.831    28.4164
  397.       30.2008   28.7669


1.561 1.000 0.089 Ho3+ 1.639 1.572 1.395 81.129 79.634 54.712 0.504 0.302 0.122 Eigen-energy    0.00 0.15 16.45 16.89 20.23 20.86 32.44 32.82 53.27 54.87 64.28 66.46 66.92 72.02 72.32 74.55 75.53 

|<n/J/m>|2   0.000   0.150  16.450  16.891  20.227  20.861  32.442  32.824  53.265  54.868  64.277  66.458  66.921  72.017  72.323  74.553  75.529
  0.000      0.000  60.666   1.054   0.816   1.160   0.231   0.524   0.014   3.250   2.945   0.633   0.049   0.334   0.077   0.105   0.092   0.051
  0.150     60.666   0.000   1.206   0.200   0.255   1.326   0.120   0.238   3.764   3.484   0.093   0.042   0.044   0.054   0.309   0.178   0.024
 16.450      1.054   1.206   0.000  41.926   0.092  18.104   0.153   0.002   2.943   0.198   0.009   0.793   0.254   0.340   4.254   0.026   0.647
 16.891      0.816   0.200  41.926   0.000  19.754   0.072   0.002   0.132   0.671   0.449   0.686   0.071   2.997   3.082   0.671   0.143   0.328
 20.227      1.160   0.255   0.092  19.754   0.000  40.425   0.434   0.153   0.021   0.924   3.771   3.645   0.001   0.844   0.037   0.237   0.248
 20.861      0.231   1.326  18.104   0.072  40.425   0.000   0.339   0.141   1.017   2.827   2.025   3.785   0.109   0.002   0.777   0.747   0.073
 32.442      0.524   0.120   0.153   0.002   0.434   0.339   0.000  60.962   1.561   0.078   0.006   0.175   1.403   0.546   0.224   2.307   3.167
 32.824      0.014   0.238   0.002   0.132   0.153   0.141  60.962   0.000   0.447   1.396   0.219   1.255   0.183   0.180   0.031   4.260   2.386
 53.265      3.250   3.764   2.943   0.671   0.021   1.017   1.561   0.447   0.000  32.178  12.742   1.098   7.831   1.243   0.102   2.501   0.632
 54.868      2.945   3.484   0.198   0.449   0.924   2.827   0.078   1.396  32.178   0.000   8.354   2.225   6.104   3.461   4.766   2.610   0.001
 64.277      0.633   0.093   0.009   0.686   3.771   2.025   0.006   0.219  12.742   8.354   0.000  12.320   8.315   9.783   3.803   0.210   9.032
 66.458      0.049   0.042   0.793   0.071   3.645   3.785   0.175   1.255   1.098   2.225  12.320   0.000  24.331   8.347   5.168   5.937   2.759
 66.921      0.334   0.044   0.254   2.997   0.001   0.109   1.403   0.183   7.831   6.104   8.315  24.331   0.000   2.204   9.003   4.381   4.507
 72.017      0.077   0.054   0.340   3.082   0.844   0.002   0.546   0.180   1.243   3.461   9.783   8.347   2.204   0.000  35.258   3.246   3.333
 72.323      0.105   0.309   4.254   0.671   0.037   0.777   0.224   0.031   0.102   4.766   3.803   5.168   9.003  35.258   0.000   3.903   3.591
 74.553      0.092   0.178   0.026   0.143   0.237   0.747   2.307   4.260   2.501   2.610   0.210   5.937   4.381   3.246   3.903   0.000  41.221
 75.529      0.051   0.024   0.647   0.328   0.248   0.073   3.167   2.386   0.632   0.001   9.032   2.759   4.507   3.333   3.591  41.221   0.000


******************************************************
**  output file generated by SIMPRE version 1.1  **
******************************************************

 ____________________________________________________

 .######..####.##.....##.########..########..########
 ##....##..##..###...###.##.....##.##.....##.##......
 ##........##..####.####.##.....##.##.....##.##......
 .######...##..##.###.##.########..########..######..
 ......##..##..##.....##.##........##...##...##......
 ##....##..##..##.....##.##........##....##..##......
 .######..####.##.....##.##........##.....##.########
 ____________________________________________________

 ****************************************************

               ion:      Ho(III)
 number of charges:            8
                 g:        1.250
             units:         meV 

 stv           2           4           6
     -0.00222222 -0.00003330 -0.00000129

 <r>k          2           4           6
      0.81000000  1.81600000  9.34500000

 shi           2           4           6
      0.53400000 -0.03060000 -0.03130000


  input coordinates

  cartesian (Å)
         x            y            z            Z  
    0.0000000    0.0000000    1.6391437    0.5040700
    0.0000000    0.0000000   -1.6391437    0.5040700
    0.8971106    1.2675894    0.2423695    0.3017000
    0.8971106   -1.2675894    0.2423695    0.3017000
   -0.8971106    1.2675894   -0.2423695    0.3017000
   -0.8971106   -1.2675894   -0.2423695    0.3017000
    1.3718845    0.0000000   -0.2509354    0.1221300
   -1.3718845    0.0000000    0.2509354    0.1221300

  spherical (rad)
         r          theta         phi           Z  
    1.6391437    0.0000000    0.0000000    0.5040700
    1.6391437    3.1415927    0.0000000    0.5040700
    1.5717294    1.4159729    0.9549015    0.3017000
    1.5717294    1.4159729    5.3282838    0.3017000
    1.5717294    1.7256197    2.1866912    0.3017000
    1.5717294    1.7256197    4.0964941    0.3017000
    1.3946453    1.7517093    0.0000000    0.1221300
    1.3946453    1.3898833    3.1415927    0.1221300


 ****************************************************
     Stevens Crystal Field Parameters (meV )
 ****************************************************

   k   q         Akq <rk>             Bkq            
 ----------------------------------------------------

   2   0       33.44039425       -0.07431199   
   2   1      -52.14445392        0.11587656   
   2  -1        0.00000000        0.00000000   
   2   2      -15.72294712        0.03493988   
   2  -2        0.00000000        0.00000000   
   4   0       35.24613592       -0.00117370   
   4   1       11.43150180       -0.00038067   
   4  -1        0.00000000        0.00000000   
   4   2       -0.39454661        0.00001314   
   4  -2        0.00000000        0.00000000   
   4   3      239.73964583       -0.00798334   
   4  -3        0.00000000        0.00000000   
   4   4      -57.83148108        0.00192579   
   4  -4        0.00000000        0.00000000   
   6   0        3.87097335       -0.00000501   
   6   1       -2.18231659        0.00000282   
   6  -1        0.00000000        0.00000000   
   6   2        0.40044493       -0.00000052   
   6  -2        0.00000000        0.00000000   
   6   3      -76.82366493        0.00009939   
   6  -3        0.00000000        0.00000000   
   6   4       10.17312176       -0.00001316   
   6  -4        0.00000000        0.00000000   
   6   5       57.50136559       -0.00007439   
   6  -5        0.00000000        0.00000000   
   6   6       85.05900123       -0.00011004   
   6  -6        0.00000000        0.00000000   

Eigenvalues (meV ) and eigenvectors

                     -8.00     -7.00     -6.00     -5.00     -4.00     -3.00     -2.00     -1.00      0.00      1.00      2.00      3.00      4.00      5.00      6.00      7.00      8.00

        0.000000  0.690449  0.005983 -0.000598  0.118259  0.052776 -0.019343  0.033021 -0.068610 -0.024580  0.068610  0.033021  0.019343  0.052776 -0.118259 -0.000598 -0.005983  0.690449
                  0.000000  0.000000  0.000000  0.000000  0.000000 -0.000000  0.000000 -0.000000 -0.000000  0.000000  0.000000 -0.000000  0.000000 -0.000000 -0.000000 -0.000000  0.000000

        0.149995  0.693433  0.017279  0.002058  0.105708 -0.007771 -0.065352  0.031434  0.048515  0.000000  0.048515 -0.031434 -0.065352  0.007771  0.105708 -0.002058  0.017279 -0.693433
                  0.000000  0.000000  0.000000  0.000000  0.000000 -0.000000  0.000000  0.000000  0.000000  0.000000 -0.000000 -0.000000  0.000000  0.000000  0.000000  0.000000  0.000000

       16.450497  0.022246  0.046169  0.011052  0.130455  0.407051  0.042624 -0.539582 -0.146889 -0.000000 -0.146889  0.539582  0.042624 -0.407051  0.130455 -0.011052  0.046169 -0.022246
                 -0.000000  0.000000 -0.000000  0.000000  0.000000  0.000000 -0.000000  0.000000 -0.000000 -0.000000 -0.000000 -0.000000  0.000000 -0.000000 -0.000000 -0.000000  0.000000

       16.890989 -0.092957  0.054815  0.040854  0.146951 -0.103533 -0.543625 -0.180549  0.355311  0.000000  0.355311  0.180549 -0.543625  0.103533  0.146951 -0.040854  0.054815  0.092957
                 -0.000000  0.000000  0.000000  0.000000 -0.000000 -0.000000 -0.000000  0.000000 -0.000000  0.000000  0.000000 -0.000000  0.000000 -0.000000 -0.000000  0.000000  0.000000

       20.227127 -0.023776  0.018112 -0.218909 -0.053189  0.270849  0.253890  0.248061  0.054346 -0.701498 -0.054346  0.248061 -0.253890  0.270849  0.053189 -0.218909 -0.018112 -0.023776
                 -0.000000  0.000000 -0.000000 -0.000000  0.000000  0.000000  0.000000  0.000000 -0.000000 -0.000000  0.000000 -0.000000  0.000000  0.000000 -0.000000  0.000000  0.000000

       20.861232  0.117887  0.097352 -0.015268 -0.314880 -0.174357  0.037797  0.156905  0.557117  0.144325 -0.557117  0.156905 -0.037797 -0.174357  0.314880 -0.015268 -0.097352  0.117887
                  0.000000  0.000000 -0.000000 -0.000000 -0.000000  0.000000  0.000000  0.000000  0.000000 -0.000000  0.000000  0.000000 -0.000000  0.000000  0.000000 -0.000000  0.000000

       32.442172 -0.022643  0.133437 -0.081014  0.225048 -0.154023  0.434403 -0.138218  0.439248 -0.000000  0.439248  0.138218  0.434403  0.154023  0.225048  0.081014  0.133437  0.022643
                 -0.000000  0.000000 -0.000000 -0.000000  0.000000  0.000000  0.000000  0.000000  0.000000  0.000000  0.000000  0.000000  0.000000  0.000000  0.000000 -0.000000  0.000000

       32.823681 -0.034347 -0.026005  0.148350 -0.136834  0.371183 -0.149941  0.448703 -0.114196  0.406884  0.114196  0.448703  0.149941  0.371183  0.136834  0.148350  0.026005 -0.034347
                 -0.000000 -0.000000  0.000000 -0.000000  0.000000  0.000000  0.000000  0.000000  0.000000  0.000000  0.000000  0.000000  0.000000  0.000000  0.000000  0.000000  0.000000

       53.265018  0.025477 -0.629084 -0.094284 -0.103976 -0.231351 -0.017060  0.156600 -0.065686 -0.050024  0.065686  0.156600  0.017060 -0.231351  0.103976 -0.094284  0.629084  0.025477
                  0.000000 -0.000000 -0.000000 -0.000000 -0.000000 -0.000000  0.000000 -0.000000 -0.000000  0.000000  0.000000  0.000000 -0.000000  0.000000 -0.000000  0.000000  0.000000

       54.868115 -0.007027 -0.639624 -0.021162  0.214383 -0.167449  0.032496 -0.114653 -0.046728  0.000000 -0.046728  0.114653  0.032496  0.167449  0.214383  0.021162 -0.639624  0.007027
                  0.000000  0.000000  0.000000 -0.000000  0.000000 -0.000000  0.000000  0.000000  0.000000  0.000000 -0.000000 -0.000000 -0.000000 -0.000000  0.000000  0.000000  0.000000

       64.276786 -0.031144  0.098735  0.627056  0.250581 -0.111933  0.056095  0.035404 -0.127916 -0.000000 -0.127916 -0.035404  0.056095  0.111933  0.250581 -0.627056  0.098735  0.031144
                 -0.000000  0.000000  0.000000  0.000000 -0.000000  0.000000  0.000000 -0.000000  0.000000 -0.000000 -0.000000 -0.000000  0.000000 -0.000000  0.000000  0.000000  0.000000

       66.457842  0.085175  0.024358  0.110456 -0.432852 -0.387554  0.040944 -0.371205 -0.054062 -0.000000 -0.054062  0.371205  0.040944  0.387554 -0.432852 -0.110456  0.024358 -0.085175
                  0.000000  0.000000 -0.000000 -0.000000 -0.000000 -0.000000 -0.000000 -0.000000 -0.000000 -0.000000  0.000000  0.000000  0.000000  0.000000 -0.000000 -0.000000  0.000000

       66.920575  0.006195 -0.102113  0.349068  0.089171  0.022784  0.581829 -0.004512  0.019328  0.201479 -0.019328 -0.004512 -0.581829  0.022784 -0.089171  0.349068  0.102113  0.006195
                 -0.000000  0.000000 -0.000000 -0.000000  0.000000 -0.000000  0.000000 -0.000000 -0.000000  0.000000 -0.000000  0.000000 -0.000000  0.000000 -0.000000 -0.000000  0.000000

       72.017146 -0.076065 -0.077800  0.164259  0.535930 -0.025667 -0.176635  0.201792  0.302448 -0.140750 -0.302448  0.201792  0.176635 -0.025667 -0.535930  0.164259  0.077800 -0.076065
                 -0.000000 -0.000000  0.000000  0.000000  0.000000 -0.000000  0.000000  0.000000 -0.000000  0.000000 -0.000000  0.000000 -0.000000 -0.000000 -0.000000 -0.000000  0.000000

       72.322697 -0.009904  0.265372  0.149724 -0.027376 -0.440363  0.023366  0.348269 -0.268097 -0.193287  0.268097  0.348269 -0.023366 -0.440363  0.027376  0.149724 -0.265372 -0.009904
                 -0.000000  0.000000  0.000000  0.000000 -0.000000  0.000000  0.000000 -0.000000 -0.000000  0.000000  0.000000 -0.000000 -0.000000  0.000000  0.000000 -0.000000  0.000000

       74.553142 -0.035036  0.239373 -0.292906  0.321643 -0.330213 -0.061643 -0.062998 -0.367989  0.000000 -0.367989  0.062998 -0.061643  0.330213  0.321643  0.292906  0.239373  0.035036
                  0.000000  0.000000 -0.000000 -0.000000 -0.000000 -0.000000  0.000000 -0.000000 -0.000000  0.000000  0.000000  0.000000 -0.000000  0.000000 -0.000000 -0.000000  0.000000

       75.529021  0.032660 -0.082666  0.499701 -0.242032  0.084007 -0.201726 -0.157690  0.029665 -0.469728 -0.029665 -0.157690  0.201726  0.084007  0.242032  0.499701  0.082666  0.032660
                  0.000000 -0.000000  0.000000 -0.000000 -0.000000 -0.000000 -0.000000 -0.000000 -0.000000 -0.000000  0.000000  0.000000  0.000000  0.000000  0.000000  0.000000  0.000000


Eigenvalues (meV ) and eigenvectors (modulus square)

                     -8.00     -7.00     -6.00     -5.00     -4.00     -3.00     -2.00     -1.00      0.00      1.00      2.00      3.00      4.00      5.00      6.00      7.00      8.00

        0.000000  0.476719  0.000036  0.000000  0.013985  0.002785  0.000374  0.001090  0.004707  0.000604  0.004707  0.001090  0.000374  0.002785  0.013985  0.000000  0.000036  0.476719

        0.149995  0.480850  0.000299  0.000004  0.011174  0.000060  0.004271  0.000988  0.002354  0.000000  0.002354  0.000988  0.004271  0.000060  0.011174  0.000004  0.000299  0.480850

       16.450497  0.000495  0.002132  0.000122  0.017019  0.165691  0.001817  0.291149  0.021576  0.000000  0.021576  0.291149  0.001817  0.165691  0.017019  0.000122  0.002132  0.000495

       16.890989  0.008641  0.003005  0.001669  0.021595  0.010719  0.295528  0.032598  0.126246  0.000000  0.126246  0.032598  0.295528  0.010719  0.021595  0.001669  0.003005  0.008641

       20.227127  0.000565  0.000328  0.047921  0.002829  0.073359  0.064460  0.061534  0.002953  0.492100  0.002953  0.061534  0.064460  0.073359  0.002829  0.047921  0.000328  0.000565

       20.861232  0.013897  0.009477  0.000233  0.099149  0.030400  0.001429  0.024619  0.310380  0.020830  0.310380  0.024619  0.001429  0.030400  0.099149  0.000233  0.009477  0.013897

       32.442172  0.000513  0.017805  0.006563  0.050646  0.023723  0.188706  0.019104  0.192939  0.000000  0.192939  0.019104  0.188706  0.023723  0.050646  0.006563  0.017805  0.000513

       32.823681  0.001180  0.000676  0.022008  0.018724  0.137777  0.022482  0.201335  0.013041  0.165555  0.013041  0.201335  0.022482  0.137777  0.018724  0.022008  0.000676  0.001180

       53.265018  0.000649  0.395746  0.008889  0.010811  0.053524  0.000291  0.024524  0.004315  0.002502  0.004315  0.024524  0.000291  0.053524  0.010811  0.008889  0.395746  0.000649

       54.868115  0.000049  0.409119  0.000448  0.045960  0.028039  0.001056  0.013145  0.002184  0.000000  0.002184  0.013145  0.001056  0.028039  0.045960  0.000448  0.409119  0.000049

       64.276786  0.000970  0.009749  0.393199  0.062791  0.012529  0.003147  0.001253  0.016362  0.000000  0.016362  0.001253  0.003147  0.012529  0.062791  0.393199  0.009749  0.000970

       66.457842  0.007255  0.000593  0.012201  0.187361  0.150198  0.001676  0.137793  0.002923  0.000000  0.002923  0.137793  0.001676  0.150198  0.187361  0.012201  0.000593  0.007255

       66.920575  0.000038  0.010427  0.121849  0.007951  0.000519  0.338524  0.000020  0.000374  0.040594  0.000374  0.000020  0.338524  0.000519  0.007951  0.121849  0.010427  0.000038

       72.017146  0.005786  0.006053  0.026981  0.287221  0.000659  0.031200  0.040720  0.091475  0.019811  0.091475  0.040720  0.031200  0.000659  0.287221  0.026981  0.006053  0.005786

       72.322697  0.000098  0.070422  0.022417  0.000749  0.193920  0.000546  0.121291  0.071876  0.037360  0.071876  0.121291  0.000546  0.193920  0.000749  0.022417  0.070422  0.000098

       74.553142  0.001227  0.057299  0.085794  0.103454  0.109041  0.003800  0.003969  0.135416  0.000000  0.135416  0.003969  0.003800  0.109041  0.103454  0.085794  0.057299  0.001227

       75.529021  0.001067  0.006834  0.249701  0.058579  0.007057  0.040693  0.024866  0.000880  0.220644  0.000880  0.024866  0.040693  0.007057  0.058579  0.249701  0.006834  0.001067

