***********************   Output file generated by PointChargeCEF   ************************

************************************************
****     Point Charge fit for Tm3+ ion      ****
****     Least square fit to INS Patterns   ****
************************************************
  Chi2_INS =  0.6170775489851488


************************************************
      Point Charge Parameters   
************************************************
      R _ini =  1.6,           R _fit =  1.5400889599714294
  Theta _ini =  60.0,       Theta _fit =  59.64184412861136
      q _ini =  0.5,           q _fit =  0.4016417794846203

 Fitted FWHM = 2.702 meV
-----------------------------------------------



************************************************
           CEF energies (meV)     
************************************************
Input energies:  [0, 0, 41.7, 41.7, 52.0, 52.0, 61.3, 78, 0, 0, 0, 0, 0]
Fitted energies:    0.      0.283  41.835  41.835  51.859  51.859  63.486  76.672 106.973  106.973 116.441 116.776 116.776

************************************************
              g-factor tensor            
************************************************
   0.     0.     0.    
   0.     0.     0.    
  12.932  0.     0.     
 -----------------------------------------------
Rotation needed to make g-factor diagnal: 0.0
    0.      0.      0.    
    0.      0.      0.    
   -0.      0.    -12.932  


******************************************************
**  output file generated by SIMPRE version 1.1  **
******************************************************

 ____________________________________________________

 .######..####.##.....##.########..########..########
 ##....##..##..###...###.##.....##.##.....##.##......
 ##........##..####.####.##.....##.##.....##.##......
 .######...##..##.###.##.########..########..######..
 ......##..##..##.....##.##........##...##...##......
 ##....##..##..##.....##.##........##....##..##......
 .######..####.##.....##.##........##.....##.########
 ____________________________________________________

 ****************************************************

               ion:      Tm(III)
 number of charges:            6
                 g:        1.167
             units:         meV 

 stv           2           4           6
      0.01010101  0.00016325 -0.00000561

 <r>k          2           4           6
      0.74000000  1.55500000  7.65900000

 shi           2           4           6
      0.55400000 -0.05670000 -0.03060000


  input coordinates

  cartesian (Å)
         x            y            z            Z  
    0.6644583    1.1508756    0.7783667    0.4016418
   -1.3289166    0.0000000    0.7783667    0.4016418
    0.6644583   -1.1508756    0.7783667    0.4016418
    1.3289166    0.0000000   -0.7783667    0.4016418
   -0.6644583    1.1508756   -0.7783667    0.4016418
   -0.6644583   -1.1508756   -0.7783667    0.4016418

  spherical (rad)
         r          theta         phi           Z  
    1.5400890    1.0409466    1.0471976    0.4016418
    1.5400890    1.0409466    3.1415927    0.4016418
    1.5400890    1.0409466    5.2359878    0.4016418
    1.5400890    2.1006461    0.0000000    0.4016418
    1.5400890    2.1006461    2.0943951    0.4016418
    1.5400890    2.1006461    4.1887902    0.4016418


 ****************************************************
     Stevens Crystal Field Parameters (meV )
 ****************************************************

   k   q         Akq <rk>             Bkq            
 ----------------------------------------------------

   2   0      -51.29492228       -0.51813053   
   4   0      -19.18594139       -0.00313208   
   4   3      733.11449241        0.11967995   
   4  -3        0.00000000        0.00000000   
   6   0        5.85106363       -0.00003280   
   6   3      -14.83067278        0.00008314   
   6  -3        0.00000000        0.00000000   
   6   6       54.50594506       -0.00030556   
   6  -6        0.00000000        0.00000000   

Eigenvalues (meV ) and eigenvectors

                     -6.00     -5.00     -4.00     -3.00     -2.00     -1.00      0.00      1.00      2.00      3.00      4.00      5.00      6.00

        0.000000 -0.654233  0.000000 -0.000000 -0.239967  0.000000 -0.000000 -0.169678 -0.000000  0.000000  0.239967  0.000000 -0.000000 -0.654233
                 -0.000000 -0.000000  0.000000 -0.000000  0.000000 -0.000000 -0.000000 -0.000000  0.000000  0.000000  0.000000  0.000000  0.000000

        0.283373 -0.658914  0.000000 -0.000000 -0.256578  0.000000 -0.000000  0.000000 -0.000000  0.000000 -0.256578  0.000000 -0.000000  0.658914
                 -0.000000 -0.000000  0.000000 -0.000000  0.000000 -0.000000  0.000000 -0.000000  0.000000 -0.000000  0.000000  0.000000 -0.000000

       41.835006 -0.000000 -0.673256  0.000000 -0.000000 -0.677922  0.000001 -0.000000 -0.285949 -0.000003 -0.000000  0.073366  0.000003 -0.000000
                  0.000000 -0.000000  0.000000  0.000000 -0.000000  0.000000  0.000000 -0.000000  0.000000 -0.000000 -0.000000 -0.000000  0.000000

       41.835006 -0.000000  0.000003  0.073366  0.000000  0.000003  0.285949 -0.000000  0.000001 -0.677922  0.000000 -0.000000  0.673256 -0.000000
                  0.000000 -0.000000 -0.000000 -0.000000 -0.000000 -0.000000 -0.000000 -0.000000  0.000000 -0.000000  0.000000 -0.000000  0.000000

       51.858884  0.000000  0.000001 -0.719445  0.000000  0.000001 -0.645219  0.000000 -0.000003 -0.223028  0.000000  0.000003  0.127866 -0.000000
                  0.000000 -0.000000 -0.000000 -0.000000 -0.000000 -0.000000 -0.000000  0.000000  0.000000  0.000000 -0.000000 -0.000000  0.000000

       51.858884  0.000000  0.127866  0.000003  0.000000  0.223028  0.000003  0.000000 -0.645219  0.000001 -0.000000  0.719445 -0.000001 -0.000000
                 -0.000000  0.000000  0.000000  0.000000  0.000000  0.000000  0.000000  0.000000  0.000000 -0.000000 -0.000000 -0.000000  0.000000

       63.486919 -0.246240 -0.000000  0.000000  0.411530 -0.000000  0.000000  0.734859  0.000000 -0.000000 -0.411530 -0.000000 -0.000000 -0.246240
                 -0.000000  0.000000  0.000000  0.000000  0.000000  0.000000  0.000000 -0.000000  0.000000 -0.000000  0.000000  0.000000  0.000000

       76.672006  0.256578 -0.000000 -0.000000 -0.658914 -0.000000 -0.000000  0.000000  0.000000  0.000000 -0.658914 -0.000000  0.000000 -0.256578
                  0.000000 -0.000000 -0.000000 -0.000000 -0.000000  0.000000 -0.000000  0.000000 -0.000000 -0.000000  0.000000 -0.000000  0.000000

      106.973039 -0.000000  0.654913  0.000006  0.000000 -0.503673 -0.000008 -0.000000 -0.438596  0.000009 -0.000000 -0.353604  0.000011 -0.000000
                 -0.000000  0.000000  0.000000  0.000000 -0.000000 -0.000000 -0.000000 -0.000000  0.000000 -0.000000 -0.000000  0.000000  0.000000

      106.973039 -0.000000 -0.000011  0.353604  0.000000  0.000009 -0.438596 -0.000000  0.000008  0.503673  0.000000  0.000006  0.654913 -0.000000
                 -0.000000 -0.000000  0.000000  0.000000  0.000000 -0.000000  0.000000  0.000000  0.000000  0.000000 -0.000000  0.000000  0.000000

      116.441697 -0.106514 -0.000000 -0.000000  0.522551  0.000000  0.000000 -0.656652 -0.000000  0.000000 -0.522551 -0.000000  0.000000 -0.106514
                 -0.000000 -0.000000 -0.000000  0.000000  0.000000  0.000000 -0.000000 -0.000000  0.000000 -0.000000  0.000000  0.000000  0.000000

      116.776562 -0.000000  0.000008  0.593279  0.000000 -0.000012 -0.556381 -0.000000  0.000014 -0.486821 -0.000000  0.000015 -0.318537 -0.000000
                  0.000000  0.000000  0.000000  0.000000  0.000000 -0.000000 -0.000000 -0.000000 -0.000000 -0.000000 -0.000000 -0.000000  0.000000

      116.776562  0.000000 -0.318537  0.000015 -0.000000  0.486821 -0.000014  0.000000 -0.556381 -0.000012  0.000000 -0.593279 -0.000008  0.000000
                  0.000000 -0.000000  0.000000 -0.000000  0.000000 -0.000000  0.000000 -0.000000 -0.000000  0.000000  0.000000 -0.000000  0.000000


Eigenvalues (meV ) and eigenvectors (modulus square)

                     -6.00     -5.00     -4.00     -3.00     -2.00     -1.00      0.00      1.00      2.00      3.00      4.00      5.00      6.00

        0.000000  0.428021  0.000000  0.000000  0.057584  0.000000  0.000000  0.028791  0.000000  0.000000  0.057584  0.000000  0.000000  0.428021

        0.283373  0.434168  0.000000  0.000000  0.065832  0.000000  0.000000  0.000000  0.000000  0.000000  0.065832  0.000000  0.000000  0.434168

       41.835006  0.000000  0.453273  0.000000  0.000000  0.459578  0.000000  0.000000  0.081767  0.000000  0.000000  0.005383  0.000000  0.000000

       41.835006  0.000000  0.000000  0.005383  0.000000  0.000000  0.081767  0.000000  0.000000  0.459578  0.000000  0.000000  0.453273  0.000000

       51.858884  0.000000  0.000000  0.517601  0.000000  0.000000  0.416308  0.000000  0.000000  0.049741  0.000000  0.000000  0.016350  0.000000

       51.858884  0.000000  0.016350  0.000000  0.000000  0.049741  0.000000  0.000000  0.416308  0.000000  0.000000  0.517601  0.000000  0.000000

       63.486919  0.060634  0.000000  0.000000  0.169357  0.000000  0.000000  0.540018  0.000000  0.000000  0.169357  0.000000  0.000000  0.060634

       76.672006  0.065832  0.000000  0.000000  0.434168  0.000000  0.000000  0.000000  0.000000  0.000000  0.434168  0.000000  0.000000  0.065832

      106.973039  0.000000  0.428912  0.000000  0.000000  0.253686  0.000000  0.000000  0.192366  0.000000  0.000000  0.125036  0.000000  0.000000

      106.973039  0.000000  0.000000  0.125036  0.000000  0.000000  0.192366  0.000000  0.000000  0.253686  0.000000  0.000000  0.428912  0.000000

      116.441697  0.011345  0.000000  0.000000  0.273059  0.000000  0.000000  0.431191  0.000000  0.000000  0.273059  0.000000  0.000000  0.011345

      116.776562  0.000000  0.000000  0.351980  0.000000  0.000000  0.309559  0.000000  0.000000  0.236995  0.000000  0.000000  0.101466  0.000000

      116.776562  0.000000  0.101466  0.000000  0.000000  0.236995  0.000000  0.000000  0.309559  0.000000  0.000000  0.351980  0.000000  0.000000




-----------------------------------------------
Pattern 0, Temperature = 5.00 K, Ei = 160.0 meV, SpecialFWHM = [0, 0, 0]
The calculated pattern with Chi = 0.6170775489851488

 E(meV)    I_fit     I_exp   I_Error  
    5.      0.01    0.01    0.01 
   10.      0.013   0.01    0.01 
   15.      0.017   0.01    0.01 
   20.      0.026   0.014   0.008
   20.4     0.027   0.009   0.008
   21.2     0.029   0.01    0.008
   21.6     0.03    0.014   0.008
   22.      0.031   0.01    0.008
   22.8     0.034   0.01    0.008
   23.2     0.035   0.013   0.008
   23.6     0.037   0.009   0.008
   24.4     0.04    0.014   0.007
   24.8     0.042   0.012   0.007
   25.2     0.044   0.099   0.007
   26.      0.049   0.012   0.006
   26.4     0.051   0.014   0.007
   26.8     0.054   0.094   0.006
   27.6     0.06    0.093   0.006
   28.      0.063   0.131   0.007
   28.4     0.067   0.105   0.007
   29.2     0.076   0.107   0.007
   29.6     0.081   0.169   0.006
   30.      0.086   0.108   0.008
   30.8     0.099   0.138   0.007
   31.2     0.107   0.179   0.007
   31.6     0.115   0.145   0.007
   32.4     0.136   0.128   0.007
   32.8     0.148   0.191   0.007
   33.2     0.162   0.162   0.007
   34.      0.197   0.166   0.008
   34.4     0.219   0.236   0.008
   34.8     0.243   0.158   0.009
   35.6     0.305   0.236   0.009
   36.      0.343   0.34    0.008
   36.4     0.387   0.278   0.01 
   37.2     0.491   0.383   0.01 
   37.6     0.553   0.497   0.009
   38.      0.619   0.49    0.011
   38.8     0.762   0.678   0.012
   39.2     0.835   0.748   0.009
   39.6     0.906   0.818   0.012
   40.4     1.029   0.948   0.012
   40.8     1.075   0.961   0.009
   41.2     1.107   0.991   0.013
   42.      1.124   1.      0.013
   42.4     1.108   1.      0.024
   42.8     1.077   0.956   0.013
   43.6     0.978   0.783   0.012
   44.      0.916   0.799   0.021
   44.4     0.85    0.652   0.011
   45.2     0.718   0.555   0.01 
   45.6     0.656   0.553   0.018
   46.      0.6     0.464   0.009
   46.8     0.507   0.399   0.009
   47.2     0.472   0.43    0.017
   47.6     0.443   0.372   0.008
   48.4     0.406   0.365   0.008
   48.8     0.395   0.414   0.017
   49.2     0.388   0.392   0.009
   50.      0.382   0.398   0.009
   50.4     0.379   0.359   0.015
   50.8     0.377   0.408   0.009
   51.6     0.365   0.404   0.009
   52.      0.356   0.396   0.017
   52.4     0.343   0.422   0.009
   53.2     0.311   0.385   0.009
   53.6     0.292   0.357   0.015
   54.      0.272   0.376   0.009
   54.8     0.232   0.301   0.008
   55.2     0.213   0.354   0.014
   55.6     0.196   0.271   0.008
   56.4     0.167   0.236   0.007
   56.8     0.155   0.261   0.013
   57.2     0.145   0.222   0.007
   58.      0.131   0.221   0.008
   58.4     0.127   0.281   0.013
   58.8     0.124   0.232   0.008
   59.6     0.123   0.253   0.007
   60.      0.124   0.248   0.014
   60.4     0.126   0.223   0.008
   61.2     0.131   0.229   0.008
   61.6     0.134   0.275   0.012
   62.      0.136   0.234   0.008
   62.8     0.138   0.214   0.007
   63.2     0.137   0.196   0.012
   63.6     0.134   0.18    0.007
   64.4     0.125   0.168   0.007
   64.8     0.119   0.156   0.01 
   65.2     0.113   0.145   0.007
   66.      0.099   0.13    0.008
   66.4     0.092   0.077   0.009
   66.8     0.086   0.103   0.007
   67.6     0.075   0.079   0.008
   68.      0.071   0.077   0.01 
   68.4     0.067   0.101   0.007
   69.2     0.063   0.104   0.007
   69.6     0.062   0.031   0.009
   70.      0.061   0.094   0.008
   70.8     0.062   0.095   0.008
   71.2     0.064   0.072   0.008
   71.6     0.067   0.098   0.008
   72.4     0.074   0.084   0.008
   72.8     0.08    0.071   0.008
   73.2     0.086   0.115   0.007
   74.      0.1     0.093   0.01 
   74.4     0.108   0.083   0.009
   74.8     0.116   0.082   0.013
   75.6     0.129   0.113   0.013
   76.      0.133   0.106   0.009
   77.6     0.128   0.126   0.009
   79.2     0.096   0.112   0.008
   80.8     0.063   0.093   0.009
   82.4     0.042   0.1     0.007
   84.      0.03    0.052   0.007
   85.6     0.024   0.047   0.007
   87.2     0.02    0.044   0.006
   88.8     0.017   0.023   0.007
   90.4     0.015   0.037   0.009
   92.      0.014   0.021   0.006
   93.6     0.013   0.009   0.009
   95.2     0.013   0.006   0.008
   96.8     0.014   0.      0.005
   98.4     0.015   0.032   0.036
  100.      0.018   0.011   0.008
  101.6     0.024   0.021   0.006
  103.2     0.035   0.033   0.008
  104.8     0.053   0.017   0.013
  106.4     0.07    0.017   0.014
  108.      0.067   0.018   0.009
  109.6     0.05    0.036   0.009
  111.2     0.037   0.003   0.007
  112.8     0.035   0.018   0.011
