***********************   Output file generated by PointChargeCEF   ************************

************************************************
****     Point Charge fit for Tm3+ ion      ****
****     Least square fit to INS Patterns   ****
************************************************
  Chi2_INS =  0.5426844796068978


************************************************
      Point Charge Parameters   
************************************************
      R _ini =  1.6,           R _fit =  1.6433656346396188
  Theta _ini =  62.0,       Theta _fit =  59.834375476042155
      q _ini =  0.5,           q _fit =  0.5185626965414012

 Fitted FWHM = 3.326 meV
-----------------------------------------------



************************************************
           CEF energies (meV)     
************************************************
  0.      0.239  42.574  42.574  53.538  53.538  64.486  77.855 103.329  103.329 113.835 113.835 114.571

************************************************
              g-factor tensor            
************************************************
   0.    0.    0.   
   0.    0.    0.   
  13.13  0.   -0.    
 -----------------------------------------------
Rotation needed to make g-factor diagnal: 0.0
    0.     0.     0.   
    0.     0.     0.   
    0.     0.   -13.13  


******************************************************
**  output file generated by SIMPRE version 1.1  **
******************************************************

 ____________________________________________________

 .######..####.##.....##.########..########..########
 ##....##..##..###...###.##.....##.##.....##.##......
 ##........##..####.####.##.....##.##.....##.##......
 .######...##..##.###.##.########..########..######..
 ......##..##..##.....##.##........##...##...##......
 ##....##..##..##.....##.##........##....##..##......
 .######..####.##.....##.##........##.....##.########
 ____________________________________________________

 ****************************************************

               ion:      Tm(III)
 number of charges:            6
                 g:        1.167
             units:         meV 

 stv           2           4           6
      0.01010101  0.00016325 -0.00000561

 <r>k          2           4           6
      0.74000000  1.55500000  7.65900000

 shi           2           4           6
      0.55400000 -0.05670000 -0.03060000


  input coordinates

  cartesian (Å)
         x            y            z            Z  
    0.7104076    1.2304620    0.8257934    0.5185627
   -1.4208152    0.0000000    0.8257934    0.5185627
    0.7104076   -1.2304620    0.8257934    0.5185627
    1.4208152    0.0000000   -0.8257934    0.5185627
   -0.7104076    1.2304620   -0.8257934    0.5185627
   -0.7104076   -1.2304620   -0.8257934    0.5185627

  spherical (rad)
         r          theta         phi           Z  
    1.6433656    1.0443069    1.0471976    0.5185627
    1.6433656    1.0443069    3.1415927    0.5185627
    1.6433656    1.0443069    5.2359878    0.5185627
    1.6433656    2.0972858    0.0000000    0.5185627
    1.6433656    2.0972858    2.0943951    0.5185627
    1.6433656    2.0972858    4.1887902    0.5185627


 ****************************************************
     Stevens Crystal Field Parameters (meV )
 ****************************************************

   k   q         Akq <rk>             Bkq            
 ----------------------------------------------------

   2   0      -56.55638527       -0.57127662   
   4   0      -17.63713971       -0.00287924   
   4   3      684.29840908        0.11171079   
   4  -3        0.00000000        0.00000000   
   6   0        4.82423430       -0.00002704   
   6   3      -14.21438727        0.00007969   
   6  -3        0.00000000        0.00000000   
   6   6       45.20604649       -0.00025343   
   6  -6        0.00000000        0.00000000   

Eigenvalues (meV ) and eigenvectors

                     -6.00     -5.00     -4.00     -3.00     -2.00     -1.00      0.00      1.00      2.00      3.00      4.00      5.00      6.00

        0.000000  0.663721 -0.000000  0.000000  0.221861 -0.000000 -0.000000  0.143197  0.000000  0.000000 -0.221861 -0.000000 -0.000000  0.663721
                  0.000000 -0.000000  0.000000  0.000000 -0.000000 -0.000000  0.000000  0.000000  0.000000 -0.000000 -0.000000 -0.000000  0.000000

        0.238521  0.667583 -0.000000  0.000000  0.233096 -0.000000 -0.000000 -0.000000  0.000000  0.000000  0.233096 -0.000000 -0.000000 -0.667583
                  0.000000 -0.000000  0.000000  0.000000 -0.000000 -0.000000  0.000000  0.000000  0.000000  0.000000 -0.000000 -0.000000 -0.000000

       42.575306  0.000000 -0.720803 -0.000000  0.000000 -0.645177 -0.000001  0.000000 -0.244991  0.000002  0.000000  0.064560 -0.000002 -0.000000
                 -0.000000 -0.000000 -0.000000  0.000000 -0.000000 -0.000000  0.000000 -0.000000  0.000000 -0.000000  0.000000 -0.000000  0.000000

       42.575306  0.000000 -0.000002  0.064560  0.000000 -0.000002  0.244991  0.000000 -0.000001 -0.645177  0.000000  0.000000  0.720803 -0.000000
                  0.000000 -0.000000  0.000000 -0.000000 -0.000000  0.000000  0.000000 -0.000000 -0.000000  0.000000  0.000000  0.000000  0.000000

       53.538566  0.000000 -0.000001 -0.739496  0.000000 -0.000001 -0.637119  0.000000  0.000003 -0.180152 -0.000000 -0.000003  0.121532 -0.000000
                  0.000000 -0.000000 -0.000000  0.000000 -0.000000 -0.000000 -0.000000  0.000000 -0.000000  0.000000 -0.000000  0.000000  0.000000

       53.538566 -0.000000 -0.121532  0.000003  0.000000 -0.180152  0.000003  0.000000  0.637119  0.000001  0.000000 -0.739496 -0.000001  0.000000
                 -0.000000 -0.000000  0.000000 -0.000000 -0.000000  0.000000  0.000000  0.000000  0.000000  0.000000 -0.000000 -0.000000 -0.000000

       64.486967  0.222420 -0.000000 -0.000000 -0.430278 -0.000000 -0.000000 -0.728547  0.000000  0.000000  0.430278 -0.000000  0.000000  0.222420
                  0.000000  0.000000 -0.000000 -0.000000  0.000000  0.000000 -0.000000 -0.000000 -0.000000  0.000000  0.000000  0.000000  0.000000

       77.854654  0.233096 -0.000000 -0.000000 -0.667583 -0.000000 -0.000000  0.000000  0.000000  0.000000 -0.667583 -0.000000  0.000000 -0.233096
                  0.000000 -0.000000 -0.000000 -0.000000 -0.000000  0.000000 -0.000000  0.000000 -0.000000 -0.000000  0.000000  0.000000  0.000000

      103.330435  0.000000 -0.628401 -0.000005  0.000000  0.577092  0.000006 -0.000000  0.413044 -0.000009  0.000000  0.318547 -0.000010  0.000000
                  0.000000 -0.000000  0.000000  0.000000  0.000000 -0.000000 -0.000000  0.000000  0.000000  0.000000  0.000000  0.000000  0.000000

      103.330435  0.000000  0.000010 -0.318547 -0.000000 -0.000009  0.413044 -0.000000 -0.000006 -0.577092 -0.000000 -0.000005 -0.628401 -0.000000
                 -0.000000  0.000000 -0.000000 -0.000000 -0.000000  0.000000  0.000000 -0.000000 -0.000000 -0.000000 -0.000000 -0.000000  0.000000

      113.835913 -0.000000  0.000001  0.589495  0.000000 -0.000001 -0.602872 -0.000000  0.000002 -0.467179 -0.000000  0.000002 -0.266055 -0.000000
                  0.000000  0.000000  0.000000 -0.000000 -0.000000 -0.000000 -0.000000  0.000000 -0.000000 -0.000000  0.000000 -0.000000  0.000000

      113.835913 -0.000000 -0.266055  0.000002  0.000000  0.467179 -0.000002 -0.000000 -0.602872 -0.000001 -0.000000 -0.589495 -0.000001 -0.000000
                  0.000000 -0.000000  0.000000  0.000000  0.000000 -0.000000 -0.000000 -0.000000 -0.000000  0.000000 -0.000000 -0.000000  0.000000

      114.572091  0.100022 -0.000000  0.000000 -0.515401  0.000000 -0.000000  0.669861 -0.000000 -0.000000  0.515401 -0.000000 -0.000000  0.100022
                  0.000000 -0.000000  0.000000 -0.000000  0.000000 -0.000000  0.000000 -0.000000 -0.000000  0.000000 -0.000000 -0.000000  0.000000


Eigenvalues (meV ) and eigenvectors (modulus square)

                     -6.00     -5.00     -4.00     -3.00     -2.00     -1.00      0.00      1.00      2.00      3.00      4.00      5.00      6.00

        0.000000  0.440525  0.000000  0.000000  0.049222  0.000000  0.000000  0.020505  0.000000  0.000000  0.049222  0.000000  0.000000  0.440525

        0.238521  0.445666  0.000000  0.000000  0.054334  0.000000  0.000000  0.000000  0.000000  0.000000  0.054334  0.000000  0.000000  0.445666

       42.575306  0.000000  0.519558  0.000000  0.000000  0.416254  0.000000  0.000000  0.060020  0.000000  0.000000  0.004168  0.000000  0.000000

       42.575306  0.000000  0.000000  0.004168  0.000000  0.000000  0.060020  0.000000  0.000000  0.416254  0.000000  0.000000  0.519558  0.000000

       53.538566  0.000000  0.000000  0.546855  0.000000  0.000000  0.405920  0.000000  0.000000  0.032455  0.000000  0.000000  0.014770  0.000000

       53.538566  0.000000  0.014770  0.000000  0.000000  0.032455  0.000000  0.000000  0.405920  0.000000  0.000000  0.546855  0.000000  0.000000

       64.486967  0.049471  0.000000  0.000000  0.185139  0.000000  0.000000  0.530780  0.000000  0.000000  0.185139  0.000000  0.000000  0.049471

       77.854654  0.054334  0.000000  0.000000  0.445666  0.000000  0.000000  0.000000  0.000000  0.000000  0.445666  0.000000  0.000000  0.054334

      103.330435  0.000000  0.394887  0.000000  0.000000  0.333035  0.000000  0.000000  0.170605  0.000000  0.000000  0.101472  0.000000  0.000000

      103.330435  0.000000  0.000000  0.101472  0.000000  0.000000  0.170605  0.000000  0.000000  0.333035  0.000000  0.000000  0.394887  0.000000

      113.835913  0.000000  0.000000  0.347505  0.000000  0.000000  0.363454  0.000000  0.000000  0.218256  0.000000  0.000000  0.070785  0.000000

      113.835913  0.000000  0.070785  0.000000  0.000000  0.218256  0.000000  0.000000  0.363454  0.000000  0.000000  0.347505  0.000000  0.000000

      114.572091  0.010004  0.000000  0.000000  0.265639  0.000000  0.000000  0.448714  0.000000  0.000000  0.265639  0.000000  0.000000  0.010004




-----------------------------------------------
Pattern 0, Temperature = 5.00 K, Ei = 160.0 meV, SpecialFWHM = [0, 0, 0]
The calculated pattern with Chi = 0.5426844796068978

 E(meV)    I_exp     I_Error   I_fit  
    5.      0.011   0.01    0.01 
   10.      0.015   0.01    0.01 
   15.      0.02    0.01    0.01 
   20.      0.03    0.014   0.008
   20.4     0.031   0.009   0.008
   21.2     0.033   0.01    0.008
   21.6     0.034   0.014   0.008
   22.      0.036   0.01    0.008
   22.8     0.038   0.01    0.008
   23.2     0.04    0.013   0.008
   23.6     0.042   0.009   0.008
   24.4     0.045   0.014   0.007
   24.8     0.047   0.012   0.007
   25.2     0.049   0.099   0.007
   26.      0.054   0.012   0.006
   26.4     0.057   0.014   0.007
   26.8     0.059   0.094   0.006
   27.6     0.066   0.093   0.006
   28.      0.069   0.131   0.007
   28.4     0.073   0.105   0.007
   29.2     0.082   0.107   0.007
   29.6     0.087   0.169   0.006
   30.      0.092   0.108   0.008
   30.8     0.104   0.138   0.007
   31.2     0.112   0.179   0.007
   31.6     0.12    0.145   0.007
   32.4     0.138   0.128   0.007
   32.8     0.149   0.191   0.007
   33.2     0.162   0.162   0.007
   34.      0.191   0.166   0.008
   34.4     0.209   0.236   0.008
   34.8     0.229   0.158   0.009
   35.6     0.277   0.236   0.009
   36.      0.306   0.34    0.008
   36.4     0.338   0.278   0.01 
   37.2     0.415   0.383   0.01 
   37.6     0.46    0.497   0.009
   38.      0.509   0.49    0.011
   38.8     0.617   0.678   0.012
   39.2     0.674   0.748   0.009
   39.6     0.732   0.818   0.012
   40.4     0.844   0.948   0.012
   40.8     0.892   0.961   0.009
   41.2     0.934   0.991   0.013
   42.      0.989   1.      0.013
   42.4     1.      1.      0.024
   42.8     0.999   0.956   0.013
   43.6     0.961   0.783   0.012
   44.      0.927   0.799   0.021
   44.4     0.885   0.652   0.011
   45.2     0.785   0.555   0.01 
   45.6     0.732   0.553   0.018
   46.      0.679   0.464   0.009
   46.8     0.579   0.399   0.009
   47.2     0.535   0.43    0.017
   47.6     0.496   0.372   0.008
   48.4     0.432   0.365   0.008
   48.8     0.407   0.414   0.017
   49.2     0.387   0.392   0.009
   50.      0.359   0.398   0.009
   50.4     0.35    0.359   0.015
   50.8     0.343   0.408   0.009
   51.6     0.335   0.404   0.009
   52.      0.331   0.396   0.017
   52.4     0.328   0.422   0.009
   53.2     0.317   0.385   0.009
   53.6     0.31    0.357   0.015
   54.      0.3     0.376   0.009
   54.8     0.277   0.301   0.008
   55.2     0.264   0.354   0.014
   55.6     0.249   0.271   0.008
   56.4     0.22    0.236   0.007
   56.8     0.207   0.261   0.013
   57.2     0.193   0.222   0.007
   58.      0.171   0.221   0.008
   58.4     0.161   0.281   0.013
   58.8     0.153   0.232   0.008
   59.6     0.141   0.253   0.007
   60.      0.137   0.248   0.014
   60.4     0.134   0.223   0.008
   61.2     0.131   0.229   0.008
   61.6     0.131   0.275   0.012
   62.      0.131   0.234   0.008
   62.8     0.131   0.214   0.007
   63.2     0.131   0.196   0.012
   63.6     0.13    0.18    0.007
   64.4     0.126   0.168   0.007
   64.8     0.124   0.156   0.01 
   65.2     0.12    0.145   0.007
   66.      0.11    0.13    0.008
   66.4     0.105   0.077   0.009
   66.8     0.1     0.103   0.007
   67.6     0.089   0.079   0.008
   68.      0.085   0.077   0.01 
   68.4     0.08    0.101   0.007
   69.2     0.073   0.104   0.007
   69.6     0.07    0.031   0.009
   70.      0.068   0.094   0.008
   70.8     0.065   0.095   0.008
   71.2     0.064   0.072   0.008
   71.6     0.064   0.098   0.008
   72.4     0.066   0.084   0.008
   72.8     0.067   0.071   0.008
   73.2     0.069   0.115   0.007
   74.      0.076   0.093   0.01 
   74.4     0.079   0.083   0.009
   74.8     0.084   0.082   0.013
   75.6     0.093   0.113   0.013
   76.      0.097   0.106   0.009
   77.6     0.107   0.126   0.009
   79.2     0.098   0.112   0.008
   80.8     0.075   0.093   0.009
   82.4     0.054   0.1     0.007
   84.      0.039   0.052   0.007
   85.6     0.031   0.047   0.007
   87.2     0.025   0.044   0.006
   88.8     0.022   0.023   0.007
   90.4     0.02    0.037   0.009
   92.      0.019   0.021   0.006
   93.6     0.019   0.009   0.009
   95.2     0.02    0.006   0.008
   96.8     0.023   0.      0.005
   98.4     0.028   0.032   0.036
  100.      0.038   0.011   0.008
  101.6     0.05    0.021   0.006
  103.2     0.057   0.033   0.008
  104.8     0.053   0.017   0.013
  106.4     0.042   0.017   0.014
  108.      0.034   0.018   0.009
  109.6     0.032   0.036   0.009
  111.2     0.036   0.003   0.007
  112.8     0.041   0.018   0.011
  114.      0.04    0.01    0.01 
  116.      0.031   0.01    0.01 
  118.      0.02    0.01    0.01 
  120.      0.013   0.01    0.01 
  122.      0.01    0.01    0.01 
  124.      0.008   0.01    0.01 
  126.      0.007   0.01    0.01 
  128.      0.006   0.01    0.01 
  130.      0.005   0.01    0.01 
  132.      0.004   0.01    0.01 
  134.      0.004   0.01    0.01 
  136.      0.004   0.01    0.01 
  138.      0.003   0.01    0.01 
  140.      0.003   0.01    0.01 
