   Chi^2    ('R1', 'R2', 'R3', 'Theta2', 'Theta3', 'Phi', 'q1', 'q2', 'q3')
     5.866    1.75  1.55  1.5  82.   74.   60.    0.5   0.3   0.2 
     6.143    1.8   1.55  1.5  82.   74.   60.    0.5   0.3   0.2 
     6.164    1.7   1.55  1.5  82.   74.   60.    0.5   0.3   0.2 
     6.403    1.75  1.55  1.5  78.   74.   60.    0.5   0.3   0.2 
     6.579    1.7   1.55  1.5  78.   74.   60.    0.5   0.3   0.2 
     8.893    1.8   1.55  1.5  78.   74.   60.    0.5   0.3   0.2 
    10.236    1.75  1.55  1.5  74.   78.   60.    0.5   0.3   0.2 
    10.459    1.7   1.55  1.5  74.   78.   60.    0.5   0.3   0.2 
    10.762    1.7   1.55  1.5  74.   82.   60.    0.5   0.3   0.2 
    11.362    1.75  1.55  1.5  74.   74.   60.    0.5   0.3   0.2 
    11.781    1.7   1.6   1.5  82.   74.   60.    0.5   0.35  0.2 
    12.505    1.75  1.6   1.5  82.   74.   60.    0.5   0.35  0.2 
    12.751    1.7   1.55  1.5  78.   78.   60.    0.5   0.3   0.2 
    13.019    1.75  1.55  1.5  74.   82.   60.    0.5   0.3   0.2 
    13.710    1.75  1.55  1.5  82.   74.   60.    0.5   0.3   0.25
    13.944    1.8   1.6   1.5  82.   74.   60.    0.5   0.35  0.2 
    14.940    1.8   1.55  1.5  74.   74.   60.    0.5   0.3   0.2 
    15.174    1.8   1.55  1.5  74.   78.   60.    0.5   0.3   0.2 
    16.098    1.8   1.55  1.5  82.   74.   60.    0.5   0.3   0.25
    16.537    1.8   1.55  1.5  78.   74.   60.    0.5   0.3   0.25
    16.601    1.7   1.55  1.5  74.   74.   60.    0.5   0.3   0.2 
    16.967    1.7   1.6   1.5  78.   74.   60.    0.5   0.35  0.2 
    17.146    1.7   1.55  1.5  82.   78.   60.    0.5   0.35  0.2 
    17.157    1.75  1.6   1.5  82.   74.   60.    0.5   0.35  0.25
    17.446    1.8   1.55  1.5  74.   78.   60.    0.5   0.3   0.25
    17.456    1.75  1.55  1.5  74.   82.   60.    0.5   0.3   0.25
    17.637    1.8   1.55  1.5  74.   82.   60.    0.5   0.3   0.2 
    18.108    1.8   1.55  1.5  74.   74.   60.    0.5   0.3   0.25
    18.128    1.75  1.6   1.5  78.   74.   60.    0.5   0.35  0.2 
    18.169    1.75  1.55  1.5  78.   74.   60.    0.5   0.3   0.25
    18.481    1.75  1.55  1.5  78.   78.   60.    0.5   0.3   0.2 
    18.494    1.8   1.55  1.5  74.   82.   60.    0.5   0.3   0.25
    18.542    1.75  1.6   1.5  74.   82.   60.    0.5   0.35  0.25
    18.717    1.8   1.6   1.5  74.   82.   60.    0.5   0.35  0.25
    19.528    1.75  1.55  1.5  82.   78.   60.    0.5   0.35  0.2 
    19.708    1.8   1.6   1.5  78.   74.   60.    0.5   0.35  0.2 
    19.709    1.7   1.55  1.5  74.   82.   60.    0.5   0.3   0.25
    19.769    1.75  1.55  1.5  74.   78.   60.    0.5   0.3   0.25
    20.368    1.7   1.6   1.5  74.   82.   60.    0.5   0.35  0.25
    20.468    1.7   1.55  1.5  82.   74.   60.    0.5   0.3   0.25
    20.811    1.7   1.55  1.5  82.   78.   60.    0.5   0.3   0.2 
    21.289    1.8   1.6   1.5  82.   74.   60.    0.5   0.35  0.25
    21.578    1.7   1.55  1.6  82.   74.   60.    0.5   0.35  0.25
    22.059    1.75  1.55  1.55 82.   74.   60.    0.5   0.35  0.2 
    22.370    1.75  1.6   1.5  78.   74.   60.    0.5   0.35  0.25
    22.477    1.8   1.6   1.5  78.   74.   60.    0.5   0.35  0.25
    22.541    1.75  1.55  1.55 82.   74.   60.    0.5   0.35  0.25
    22.835    1.7   1.55  1.55 82.   74.   60.    0.5   0.35  0.2 
    22.877    1.8   1.55  1.5  74.   82.   60.    0.5   0.3   0.3 
    22.983    1.75  1.55  1.5  78.   78.   60.    0.5   0.35  0.2 
    23.015    1.7   1.6   1.5  78.   78.   60.    0.5   0.35  0.2 
    23.133    1.7   1.6   1.5  74.   82.   60.    0.5   0.35  0.2 
    23.176    1.7   1.55  1.55 82.   74.   60.    0.5   0.35  0.25
    23.343    1.7  1.6  1.5 74.  82.  60.   0.5  0.3  0.3
    23.549    1.7   1.55  1.55 74.   82.   60.    0.5   0.3   0.25
    23.613    1.75  1.6   1.5  74.   82.   60.    0.5   0.35  0.2 
    23.807    1.8   1.6   1.5  74.   78.   60.    0.5   0.35  0.25
    23.818    1.75  1.55  1.5  74.   74.   60.    0.5   0.3   0.25
    24.100    1.75  1.6   1.5  74.   78.   60.    0.5   0.35  0.25
    24.162    1.7   1.55  1.55 74.   78.   60.    0.5   0.3   0.25
    24.182    1.8   1.55  1.5  78.   78.   60.    0.5   0.3   0.2 
    24.364    1.8   1.6   1.5  74.   82.   60.    0.5   0.35  0.2 
    24.534    1.7   1.55  1.5  78.   78.   60.    0.5   0.35  0.2 
    24.744    1.7   1.55  1.55 78.   74.   60.    0.5   0.3   0.25
    25.368    1.8   1.55  1.5  74.   78.   60.    0.5   0.3   0.3 
    25.406    1.75  1.6   1.5  78.   78.   60.    0.5   0.35  0.2 
    25.520    1.75  1.55  1.5  82.   78.   60.    0.5   0.3   0.2 
    25.704    1.7   1.55  1.55 74.   74.   60.    0.5   0.3   0.25
    25.760    1.7   1.55  1.5  74.   78.   60.    0.5   0.3   0.25
    26.088    1.7   1.55  1.5  78.   74.   60.    0.5   0.3   0.25
    26.104    1.75  1.55  1.5  82.   74.   60.    0.5   0.35  0.2 
    26.291    1.7   1.6   1.5  74.   78.   60.    0.5   0.35  0.2 
    26.334    1.7   1.6   1.5  82.   78.   60.    0.5   0.35  0.2 
    26.358    1.8   1.55  1.55 82.   74.   60.    0.5   0.35  0.2 
    26.437    1.75  1.55  1.55 78.   74.   60.    0.5   0.35  0.25
    26.546    1.75  1.55  1.55 74.   82.   60.    0.5   0.3   0.3 
    26.625    1.75  1.55  1.5  74.   82.   60.    0.5   0.3   0.3 
    26.706    1.75  1.6   1.5  74.   82.   60.    0.5   0.35  0.3 
    26.740    1.75  1.6   1.5  74.   78.   60.    0.5   0.35  0.2 
    27.020    1.7   1.6   1.5  82.   74.   60.    0.5   0.35  0.25
    27.026    1.75  1.55  1.6  82.   74.   60.    0.5   0.35  0.25
    27.393    1.8   1.6   1.5  78.   78.   60.    0.5   0.35  0.2 
    27.459    1.75  1.6   1.5  82.   78.   60.    0.5   0.35  0.2 
    27.890    1.7   1.55  1.55 74.   82.   60.    0.5   0.3   0.3 
    28.030    1.8   1.55  1.5  78.   74.   60.    0.5   0.35  0.2 
    28.088    1.8   1.55  1.5  78.   78.   60.    0.5   0.35  0.2 
    28.186    1.7   1.6   1.5  74.   78.   60.    0.5   0.35  0.25
    28.205    1.8   1.55  1.55 82.   74.   60.    0.5   0.35  0.25
    28.209    1.8   1.55  1.5  82.   78.   60.    0.5   0.35  0.2 
    28.291    1.8   1.55  1.5  74.   74.   60.    0.5   0.3   0.3 
    28.363    1.75  1.55  1.55 74.   74.   60.    0.5   0.3   0.25
    28.470    1.8   1.55  1.5  82.   74.   60.    0.5   0.35  0.2 
    28.563    1.75  1.55  1.5  78.   74.   60.    0.5   0.35  0.2 
    28.594    1.8   1.55  1.5  82.   78.   60.    0.5   0.3   0.2 
    28.740    1.7   1.55  1.55 82.   74.   60.    0.5   0.3   0.25
    28.787    1.7  1.6  1.5 74.  78.  60.   0.5  0.3  0.3
    29.219    1.8   1.6   1.5  74.   78.   60.    0.5   0.35  0.2 
    29.594    1.8   1.6   1.5  74.   78.   60.    0.5   0.35  0.3 
    29.807    1.75  1.6   1.5  74.   78.   60.    0.5   0.35  0.3 
    29.861    1.7   1.6   1.5  78.   74.   60.    0.5   0.35  0.25
    30.098    1.8   1.6   1.5  74.   74.   60.    0.5   0.35  0.25
    30.160    1.75  1.55  1.5  78.   82.   60.    0.5   0.35  0.2 
    30.396    1.7   1.55  1.55 82.   74.   60.    0.5   0.3   0.2 
    30.705    1.7   1.55  1.55 78.   74.   60.    0.5   0.35  0.25
    30.849    1.8   1.6   1.5  74.   82.   60.    0.5   0.35  0.3 
    31.182    1.8   1.6   1.5  74.   74.   60.    0.5   0.35  0.3 
    31.229    1.7   1.55  1.5  78.   82.   60.    0.5   0.35  0.2 
    31.342    1.8   1.6   1.5  82.   78.   60.    0.5   0.35  0.2 
    31.382    1.8   1.55  1.55 74.   82.   60.    0.5   0.3   0.3 
    31.531    1.8   1.55  1.5  82.   74.   60.    0.5   0.35  0.25
    31.869    1.7   1.55  1.5  82.   74.   60.    0.5   0.35  0.2 
    31.975    1.75  1.55  1.5  82.   74.   60.    0.5   0.35  0.25
    32.407    1.7   1.55  1.5  82.   82.   60.    0.5   0.35  0.2 
    32.446    1.8   1.55  1.5  78.   74.   60.    0.5   0.35  0.25
    32.624    1.75  1.55  1.5  74.   78.   60.    0.5   0.3   0.3 
    32.630    1.75  1.6   1.5  78.   74.   60.    0.5   0.35  0.3 
    32.811    1.75  1.6   1.5  74.   74.   60.    0.5   0.35  0.2 
    32.926    1.8   1.55  1.55 78.   74.   60.    0.5   0.35  0.25
    33.033    1.75  1.55  1.55 74.   78.   60.    0.5   0.3   0.25
    33.289    1.75  1.55  1.5  82.   82.   60.    0.5   0.35  0.2 
    33.897    1.75  1.55  1.55 74.   82.   60.    0.5   0.3   0.25
    33.937    1.7   1.6   1.5  74.   74.   60.    0.5   0.35  0.2 
    34.312    1.75  1.55  1.55 78.   74.   60.    0.5   0.3   0.25
    34.781    1.75  1.6   1.5  74.   74.   60.    0.5   0.35  0.25
    34.978    1.7   1.55  1.55 82.   78.   60.    0.5   0.35  0.2 
    35.203    1.8   1.55  1.5  78.   74.   60.    0.5   0.3   0.3 
    35.466    1.75  1.55  1.55 74.   78.   60.    0.5   0.3   0.3 
    35.752    1.7   1.65  1.5  74.   82.   60.    0.5   0.35  0.3 
    35.783    1.7   1.55  1.55 78.   74.   60.    0.5   0.3   0.2 
    35.952    1.7   1.55  1.6  78.   74.   60.    0.5   0.35  0.25
    36.114    1.75  1.6   1.5  74.   74.   60.    0.5   0.3   0.3 
    36.333    1.75  1.6   1.5  78.   78.   60.    0.5   0.35  0.25
    36.336    1.8   1.6   1.5  74.   74.   60.    0.5   0.35  0.2 
    36.674    1.75  1.6   1.5  82.   74.   60.    0.5   0.35  0.3 
    36.776    1.7  1.6  1.5 74.  74.  60.   0.5  0.3  0.3
    36.839    1.75  1.55  1.55 82.   74.   60.    0.5   0.35  0.3 
    37.044    1.75  1.55  1.55 78.   74.   60.    0.5   0.35  0.2 
    37.064    1.75  1.55  1.55 82.   78.   60.    0.5   0.35  0.2 
    37.147    1.75  1.55  1.55 82.   74.   60.    0.5   0.3   0.25
    37.253    1.7   1.55  1.5  78.   74.   60.    0.5   0.35  0.2 
    37.296    1.8   1.6   1.5  78.   74.   60.    0.5   0.35  0.3 
    37.440    1.75  1.6   1.5  74.   82.   60.    0.5   0.3   0.3 
    37.457    1.7   1.55  1.6  74.   82.   60.    0.5   0.3   0.3 
    37.629    1.7   1.55  1.55 74.   78.   60.    0.5   0.3   0.3 
    37.683    1.75  1.55  1.5  82.   78.   60.    0.5   0.35  0.25
    37.693    1.8   1.55  1.5  78.   82.   60.    0.5   0.35  0.2 
    37.735    1.75  1.55  1.55 82.   74.   60.    0.5   0.3   0.2 
    37.817    1.7   1.55  1.5  74.   74.   60.    0.5   0.3   0.25
    38.114    1.75  1.6   1.5  74.   78.   60.    0.5   0.3   0.3 
    38.390    1.75  1.55  1.55 74.   74.   60.    0.5   0.3   0.3 
    38.521    1.7   1.65  1.5  74.   78.   60.    0.5   0.35  0.3 
    38.570    1.75  1.55  1.5  78.   74.   60.    0.5   0.3   0.3 
    38.783    1.7   1.6   1.5  78.   78.   60.    0.5   0.35  0.25
    39.410    1.7   1.55  1.5  78.   82.   60.    0.5   0.3   0.2 
    39.559    1.75  1.55  1.6  78.   74.   60.    0.5   0.35  0.25
    39.560    1.7   1.55  1.5  78.   78.   60.    0.5   0.3   0.25
    39.771    1.8   1.55  1.55 74.   78.   60.    0.5   0.3   0.3 
    39.807    1.8   1.55  1.55 74.   74.   60.    0.5   0.3   0.3 
    39.887    1.7   1.55  1.55 82.   78.   60.    0.5   0.35  0.25
    39.974    1.75  1.6   1.5  74.   74.   60.    0.5   0.35  0.3 
    40.162    1.7   1.55  1.55 78.   78.   60.    0.5   0.35  0.25
    40.196    1.8   1.55  1.55 74.   74.   60.    0.5   0.3   0.25
    40.367    1.8   1.55  1.55 78.   74.   60.    0.5   0.35  0.2 
    40.461    1.7  1.6  1.5 78.  74.  60.   0.5  0.3  0.3
    40.550    1.7   1.55  1.6  82.   74.   60.    0.5   0.35  0.3 
    40.931    1.7   1.55  1.55 78.   74.   60.    0.5   0.35  0.2 
    41.331    1.8   1.6   1.5  78.   78.   60.    0.5   0.35  0.25
    41.450    1.7   1.6   1.55 82.   74.   60.    0.5   0.35  0.25
    41.705    1.8   1.55  1.5  78.   78.   60.    0.5   0.35  0.25
    41.775    1.75  1.55  1.5  78.   78.   60.    0.5   0.35  0.25
    41.842    1.75  1.55  1.5  82.   74.   60.    0.5   0.3   0.3 
    41.869    1.7   1.6   1.5  74.   74.   60.    0.5   0.35  0.25
    42.160    1.75  1.55  1.5  78.   78.   60.    0.5   0.3   0.25
    42.354    1.8   1.6   1.5  78.   82.   60.    0.5   0.35  0.2 
    42.380    1.75  1.55  1.55 78.   78.   60.    0.5   0.35  0.25
    42.672    1.7   1.65  1.5  74.   74.   60.    0.5   0.35  0.3 
    42.744    1.7   1.6   1.5  74.   74.   60.    0.5   0.3   0.25
    42.748    1.75  1.55  1.5  74.   82.   60.    0.5   0.35  0.2 
    42.784    1.8   1.55  1.5  74.   82.   60.    0.5   0.35  0.2 
    42.798    1.7   1.6   1.5  74.   82.   60.    0.5   0.35  0.3 
    43.279    1.7   1.55  1.6  74.   78.   60.    0.5   0.3   0.3 
    43.391    1.75  1.6   1.5  78.   82.   60.    0.5   0.35  0.2 
    43.493    1.8   1.55  1.6  82.   74.   60.    0.5   0.35  0.25
    43.628    1.8   1.55  1.5  82.   82.   60.    0.5   0.35  0.2 
    43.652    1.75  1.55  1.55 74.   78.   60.    0.5   0.35  0.25
    43.665    1.75  1.55  1.55 74.   82.   60.    0.5   0.35  0.25
    43.692    1.7   1.55  1.6  74.   74.   60.    0.5   0.3   0.3 
    43.781    1.75  1.55  1.5  78.   74.   60.    0.5   0.35  0.25
    43.803    1.8   1.55  1.5  74.   78.   60.    0.5   0.35  0.2 
    43.843    1.7   1.6   1.55 78.   74.   60.    0.5   0.35  0.25
    43.872    1.7   1.55  1.55 78.   74.   60.    0.5   0.3   0.3 
    44.117    1.8   1.55  1.55 82.   78.   60.    0.5   0.35  0.2 
    44.505    1.75  1.6   1.5  82.   78.   60.    0.5   0.35  0.25
    44.525    1.7   1.6   1.5  78.   82.   60.    0.5   0.35  0.2 
    44.682    1.8   1.55  1.55 82.   74.   60.    0.5   0.3   0.2 
    44.748    1.75  1.55  1.55 78.   74.   60.    0.5   0.3   0.2 
    44.812    1.8   1.55  1.55 74.   82.   60.    0.5   0.3   0.25
    44.899    1.7   1.55  1.5  74.   82.   60.    0.5   0.3   0.3 
    44.954    1.8   1.55  1.55 74.   78.   60.    0.5   0.3   0.25
    45.088    1.75  1.55  1.55 78.   74.   60.    0.5   0.35  0.3 
    45.345    1.7   1.55  1.55 74.   82.   60.    0.5   0.35  0.25
    45.365    1.75  1.55  1.6  82.   74.   60.    0.5   0.35  0.3 
    45.412    1.75  1.55  1.55 82.   78.   60.    0.5   0.35  0.25
    45.520    1.8   1.55  1.55 74.   78.   60.    0.5   0.35  0.25
    45.735    1.75  1.55  1.55 78.   74.   60.    0.5   0.3   0.3 
    45.764    1.7   1.6   1.5  82.   74.   60.    0.5   0.35  0.3 
    45.770    1.7   1.6   1.5  78.   74.   60.    0.5   0.3   0.25
    45.940    1.75  1.6   1.55 82.   74.   60.    0.5   0.35  0.25
    46.531    1.75  1.55  1.5  74.   78.   60.    0.5   0.35  0.2 
    46.570    1.75  1.55  1.5  78.   82.   60.    0.5   0.3   0.2 
    46.766    1.8   1.55  1.55 74.   82.   60.    0.5   0.35  0.25
    46.875    1.8   1.55  1.5  74.   78.   60.    0.5   0.35  0.25
    46.883    1.8   1.55  1.55 74.   74.   60.    0.5   0.35  0.25
    46.900    1.7   1.55  1.55 74.   74.   60.    0.5   0.3   0.2 
    47.046    1.7   1.55  1.5  82.   78.   60.    0.5   0.35  0.25
    47.080    1.7   1.6   1.5  74.   78.   60.    0.5   0.35  0.3 
    47.081    1.7   1.6   1.5  78.   74.   60.    0.5   0.35  0.3 
    47.267    1.7   1.55  1.6  78.   74.   60.    0.5   0.35  0.3 
    47.312    1.8   1.55  1.55 82.   74.   60.    0.5   0.3   0.25
    47.405    1.7   1.6   1.5  74.   78.   60.    0.5   0.3   0.25
    47.423    1.8   1.55  1.55 78.   74.   60.    0.5   0.3   0.25
    47.584    1.75  1.55  1.5  74.   74.   60.    0.5   0.3   0.3 
    47.681    1.7   1.55  1.55 82.   74.   60.    0.5   0.3   0.3 
    47.793    1.7   1.55  1.55 82.   74.   60.    0.5   0.35  0.3 
    47.960    1.8   1.6   1.5  82.   74.   60.    0.5   0.35  0.3 
    47.973    1.75  1.55  1.6  78.   74.   60.    0.5   0.35  0.3 
    48.041    1.7   1.6   1.5  74.   82.   60.    0.5   0.3   0.25
    48.049    1.7   1.6   1.5  82.   78.   60.    0.5   0.35  0.25
    48.074    1.8   1.55  1.5  74.   82.   60.    0.5   0.35  0.25
    48.302    1.7   1.55  1.55 74.   74.   60.    0.5   0.3   0.3 
    48.602    1.75  1.55  1.55 78.   78.   60.    0.5   0.35  0.2 
    48.690    1.7   1.6   1.55 74.   74.   60.    0.5   0.35  0.25
    48.738    1.7   1.6   1.55 74.   78.   60.    0.5   0.35  0.25
    49.037    1.8   1.55  1.55 78.   74.   60.    0.5   0.35  0.3 
    49.120    1.7   1.55  1.55 78.   78.   60.    0.5   0.35  0.2 
    49.309    1.8   1.55  1.5  82.   78.   60.    0.5   0.35  0.25
    49.550    1.7   1.6   1.5  82.   74.   60.    0.5   0.3   0.25
    49.897    1.8   1.55  1.55 82.   74.   60.    0.5   0.35  0.3 
    49.980    1.7   1.55  1.55 74.   78.   60.    0.5   0.35  0.25
    50.092    1.7   1.65  1.5  74.   82.   60.    0.5   0.3   0.3 
    50.120    1.7   1.55  1.5  74.   82.   60.    0.5   0.35  0.2 
    50.185    1.75  1.55  1.55 74.   74.   60.    0.5   0.35  0.25
    50.276    1.7   1.55  1.6  82.   74.   60.    0.5   0.35  0.2 
    50.339    1.8   1.55  1.5  82.   74.   60.    0.5   0.3   0.3 
    50.687    1.7   1.65  1.5  78.   74.   60.    0.5   0.35  0.3 
    50.826    1.7   1.55  1.6  74.   74.   60.    0.5   0.3   0.25
    50.960    1.7   1.6   1.55 74.   82.   60.    0.5   0.35  0.25
    51.366    1.8   1.55  1.5  78.   82.   60.    0.5   0.3   0.2 
    51.674    1.8   1.55  1.6  78.   74.   60.    0.5   0.35  0.25
    51.681    1.7   1.55  1.5  82.   74.   60.    0.5   0.3   0.3 
    52.001    1.8  1.6  1.5 74.  74.  60.   0.5  0.3  0.3
    52.334    1.7   1.55  1.5  82.   74.   60.    0.5   0.35  0.25
    52.370    1.75  1.55  1.6  74.   82.   60.    0.5   0.3   0.3 
    52.668    1.8   1.55  1.5  74.   74.   60.    0.5   0.35  0.2 
    52.780    1.7   1.55  1.55 74.   78.   60.    0.5   0.3   0.2 
    53.207    1.75  1.55  1.6  82.   74.   60.    0.5   0.35  0.2 
    53.211    1.75  1.55  1.55 74.   74.   60.    0.5   0.3   0.2 
    53.216    1.75  1.55  1.55 82.   74.   60.    0.5   0.3   0.3 
    53.680    1.75  1.65  1.5  74.   82.   60.    0.5   0.35  0.3 
    53.739    1.8   1.55  1.55 78.   78.   60.    0.5   0.35  0.2 
    54.430    1.75  1.6   1.55 78.   74.   60.    0.5   0.35  0.25
    54.662    1.75  1.6   1.5  78.   82.   60.    0.5   0.35  0.25
    55.028    1.75  1.65  1.5  74.   74.   60.    0.5   0.35  0.3 
    55.042    1.8   1.55  1.5  78.   78.   60.    0.5   0.3   0.25
    55.050    1.75  1.55  1.6  74.   74.   60.    0.5   0.3   0.3 
    55.112    1.7   1.55  1.55 78.   78.   60.    0.5   0.3   0.25
    55.274    1.75  1.6   1.5  78.   74.   60.    0.5   0.3   0.3 
    55.307    1.75  1.55  1.6  74.   74.   60.    0.5   0.35  0.3 
    55.319    1.7   1.55  1.6  74.   82.   60.    0.5   0.35  0.3 
    55.503    1.7   1.6   1.55 74.   82.   60.    0.5   0.35  0.3 
    55.533    1.8   1.55  1.55 74.   78.   60.    0.5   0.35  0.3 
    55.580    1.8   1.55  1.55 78.   74.   60.    0.5   0.3   0.2 
    55.937    1.7   1.55  1.5  74.   78.   60.    0.5   0.35  0.2 
    56.203    1.75  1.55  1.6  74.   82.   60.    0.5   0.35  0.3 
    56.241    1.7   1.6   1.5  78.   78.   60.    0.5   0.35  0.3 
    56.334    1.8   1.55  1.55 74.   74.   60.    0.5   0.35  0.3 
    56.465    1.75  1.6   1.5  74.   74.   60.    0.5   0.3   0.25
    56.574    1.75  1.65  1.5  74.   78.   60.    0.5   0.35  0.3 
    56.742    1.7   1.55  1.5  74.   78.   60.    0.5   0.3   0.3 
    56.759    1.7   1.55  1.6  82.   74.   60.    0.5   0.3   0.25
    56.925    1.8   1.55  1.6  74.   74.   60.    0.5   0.35  0.3 
    56.957    1.7   1.6   1.55 82.   74.   60.    0.5   0.35  0.2 
    57.044    1.8   1.6   1.5  82.   78.   60.    0.5   0.35  0.25
    57.189    1.7   1.55  1.5  82.   78.   60.    0.5   0.3   0.25
    57.248    1.7   1.6   1.5  78.   82.   60.    0.5   0.35  0.25
    57.314    1.75  1.55  1.5  78.   82.   60.    0.5   0.35  0.25
    57.358    1.7   1.55  1.5  78.   74.   60.    0.5   0.3   0.3 
    57.647    1.7   1.65  1.5  74.   78.   60.    0.5   0.3   0.3 
    58.013    1.7  1.6  1.5 82.  74.  60.   0.5  0.3  0.3
    58.198    1.75  1.6   1.55 74.   74.   60.    0.5   0.35  0.25
    58.211    1.7   1.55  1.6  78.   74.   60.    0.5   0.3   0.25
    58.267    1.75  1.55  1.6  74.   78.   60.    0.5   0.35  0.3 
    58.324    1.75  1.6   1.5  78.   78.   60.    0.5   0.35  0.3 
    58.597    1.7   1.55  1.5  78.   78.   60.    0.5   0.35  0.25
    58.659    1.75  1.55  1.6  74.   78.   60.    0.5   0.3   0.3 
    58.722    1.8   1.55  1.5  74.   74.   60.    0.5   0.35  0.25
    58.816    1.8   1.55  1.55 78.   78.   60.    0.5   0.35  0.25
    58.889    1.7   1.55  1.6  82.   78.   60.    0.5   0.35  0.25
    58.966    1.8   1.55  1.6  82.   74.   60.    0.5   0.35  0.2 
    59.322    1.75  1.55  1.5  74.   74.   60.    0.5   0.35  0.2 
    59.457    1.75  1.6   1.5  82.   82.   60.    0.5   0.35  0.2 
    59.590    1.8   1.55  1.55 74.   82.   60.    0.5   0.35  0.3 
    59.683    1.7  1.6  1.5 74.  74.  60.   0.5  0.3  0.2
    60.009    1.8   1.6   1.5  82.   82.   60.    0.5   0.35  0.2 
    60.024    1.75  1.55  1.55 74.   82.   60.    0.5   0.35  0.3 
    60.167    1.8  1.6  1.5 74.  78.  60.   0.5  0.3  0.3
    60.319    1.7   1.55  1.6  74.   78.   60.    0.5   0.3   0.25
    60.415    1.8   1.55  1.55 78.   74.   60.    0.5   0.3   0.3 
    60.484    1.7   1.55  1.6  74.   78.   60.    0.5   0.35  0.3 
    60.638    1.8   1.6   1.55 82.   74.   60.    0.5   0.35  0.25
    60.780    1.75  1.6   1.55 74.   78.   60.    0.5   0.35  0.25
    60.951    1.7   1.65  1.5  74.   74.   60.    0.5   0.3   0.3 
    61.218    1.7   1.65  1.5  74.   82.   60.    0.5   0.35  0.25
    61.245    1.75  1.6   1.55 74.   82.   60.    0.5   0.35  0.25
    61.287    1.8   1.55  1.55 82.   78.   60.    0.5   0.35  0.25
    61.432    1.7   1.55  1.55 74.   82.   60.    0.5   0.3   0.2 
    61.507    1.8   1.55  1.5  78.   82.   60.    0.5   0.35  0.25
    61.851    1.7   1.55  1.6  78.   74.   60.    0.5   0.3   0.3 
    61.979    1.75  1.55  1.6  74.   74.   60.    0.5   0.35  0.25
    62.320    1.75  1.55  1.55 74.   78.   60.    0.5   0.35  0.3 
    62.362    1.75  1.55  1.5  74.   82.   60.    0.5   0.35  0.25
    62.470    1.8   1.55  1.6  74.   82.   60.    0.5   0.35  0.3 
    62.607    1.8   1.6   1.55 78.   74.   60.    0.5   0.35  0.25
    62.629    1.8   1.55  1.6  74.   78.   60.    0.5   0.35  0.3 
    63.046    1.7  1.6  1.5 78.  74.  60.   0.5  0.3  0.2
    63.535    1.7   1.65  1.5  82.   74.   60.    0.5   0.35  0.3 
    63.756    1.7   1.65  1.5  74.   74.   60.    0.5   0.35  0.25
    64.019    1.7   1.6   1.55 74.   78.   60.    0.5   0.35  0.3 
    64.105    1.75  1.6   1.55 74.   82.   60.    0.5   0.35  0.3 
    64.226    1.8  1.6  1.5 74.  82.  60.   0.5  0.3  0.3
    64.252    1.7   1.65  1.5  74.   78.   60.    0.5   0.35  0.25
    64.382    1.75  1.55  1.5  82.   78.   60.    0.5   0.3   0.25
    64.651    1.8   1.55  1.6  74.   82.   60.    0.5   0.3   0.3 
    64.755    1.7   1.55  1.55 74.   74.   60.    0.5   0.35  0.25
    64.780    1.75  1.6   1.55 82.   74.   60.    0.5   0.35  0.2 
    64.851    1.8   1.55  1.6  74.   74.   60.    0.5   0.35  0.25
    65.207    1.75  1.55  1.5  82.   74.   60.    0.5   0.35  0.3 
    65.258    1.75  1.55  1.55 74.   78.   60.    0.5   0.3   0.2 
    65.350    1.8   1.6   1.5  78.   82.   60.    0.5   0.35  0.25
    65.498    1.7   1.55  1.6  78.   78.   60.    0.5   0.35  0.25
    65.786    1.7   1.6   1.5  74.   74.   60.    0.5   0.35  0.3 
    66.000    1.7   1.55  1.5  78.   78.   60.    0.5   0.3   0.3 
    66.079    1.7   1.55  1.6  74.   82.   60.    0.5   0.3   0.25
    66.142    1.75  1.55  1.6  74.   78.   60.    0.5   0.35  0.25
    66.188    1.7   1.6   1.5  82.   82.   60.    0.5   0.35  0.2 
    66.287    1.8   1.6   1.55 74.   82.   60.    0.5   0.35  0.25
    66.336    1.75  1.55  1.6  74.   74.   60.    0.5   0.3   0.25
    66.457    1.8   1.55  1.6  82.   74.   60.    0.5   0.35  0.3 
    66.493    1.8   1.55  1.55 74.   74.   60.    0.5   0.3   0.2 
    66.748    1.75  1.55  1.5  78.   78.   60.    0.5   0.3   0.3 
    66.996    1.8   1.55  1.5  78.   74.   60.    0.5   0.35  0.3 
    67.080    1.7   1.55  1.55 78.   82.   60.    0.5   0.35  0.25
    67.208    1.7   1.65  1.5  78.   74.   60.    0.5   0.35  0.25
    67.430    1.7  1.6  1.5 74.  78.  60.   0.5  0.3  0.2
    67.473    1.7   1.55  1.6  74.   74.   60.    0.5   0.35  0.3 
    67.496    1.7  1.6  1.5 78.  78.  60.   0.5  0.3  0.3
    67.720    1.7   1.55  1.6  74.   78.   60.    0.5   0.35  0.25
    68.001    1.7   1.65  1.5  82.   74.   60.    0.5   0.35  0.25
    68.136    1.8   1.55  1.6  78.   74.   60.    0.5   0.35  0.3 
    68.310    1.7   1.6   1.55 74.   82.   60.    0.5   0.3   0.3 
    68.314    1.75  1.6   1.5  78.   74.   60.    0.5   0.3   0.25
    68.586    1.75  1.55  1.6  74.   82.   60.    0.5   0.35  0.25
    68.683    1.8   1.6   1.55 82.   74.   60.    0.5   0.35  0.2 
    69.461    1.7   1.55  1.6  74.   82.   60.    0.5   0.35  0.25
    69.596    1.8   1.55  1.5  74.   78.   60.    0.5   0.35  0.3 
    69.648    1.75  1.55  1.6  82.   78.   60.    0.5   0.35  0.25
    69.705    1.7   1.55  1.5  78.   74.   60.    0.5   0.35  0.25
    69.795    1.8   1.55  1.55 78.   82.   60.    0.5   0.35  0.2 
    69.799    1.7   1.55  1.6  74.   74.   60.    0.5   0.35  0.25
    69.940    1.8   1.55  1.55 74.   78.   60.    0.5   0.35  0.2 
    70.243    1.7   1.6   1.55 74.   74.   60.    0.5   0.35  0.3 
    70.258    1.7   1.6   1.55 82.   74.   60.    0.5   0.35  0.3 
    70.329    1.75  1.6   1.5  74.   78.   60.    0.5   0.3   0.25
    70.396    1.75  1.65  1.5  78.   74.   60.    0.5   0.35  0.3 
    70.437    1.8   1.55  1.5  82.   74.   60.    0.5   0.35  0.3 
    70.450    1.75  1.55  1.55 82.   82.   60.    0.5   0.35  0.2 
    70.459    1.8   1.55  1.55 74.   82.   60.    0.5   0.35  0.2 
    70.693    1.7   1.55  1.5  78.   82.   60.    0.5   0.3   0.25
    70.708    1.75  1.55  1.55 78.   82.   60.    0.5   0.35  0.2 
    70.815    1.8   1.55  1.6  74.   82.   60.    0.5   0.35  0.25
    71.076    1.7   1.55  1.55 78.   74.   60.    0.5   0.35  0.3 
    71.139    1.75  1.55  1.6  78.   78.   60.    0.5   0.35  0.25
    71.338    1.75  1.55  1.55 74.   78.   60.    0.5   0.35  0.2 
    71.535    1.7  1.6  1.5 82.  74.  60.   0.5  0.3  0.2
    71.549    1.75  1.55  1.5  74.   78.   60.    0.5   0.35  0.25
    71.567    1.7   1.55  1.55 78.   78.   60.    0.5   0.3   0.2 
    71.815    1.8   1.6   1.55 74.   78.   60.    0.5   0.35  0.25
    71.903    1.8   1.55  1.6  74.   78.   60.    0.5   0.35  0.25
    72.108    1.75  1.55  1.55 74.   82.   60.    0.5   0.35  0.2 
    72.569    1.8   1.6   1.55 74.   74.   60.    0.5   0.35  0.25
    73.072    1.7   1.6   1.55 78.   74.   60.    0.5   0.35  0.2 
    73.463    1.75  1.6   1.5  74.   82.   60.    0.5   0.3   0.25
    73.806    1.75  1.55  1.55 74.   82.   60.    0.5   0.3   0.2 
    73.855    1.7   1.6   1.55 78.   74.   60.    0.5   0.35  0.3 
    74.002    1.8   1.55  1.6  74.   74.   60.    0.5   0.3   0.3 
    74.156    1.8   1.55  1.5  74.   82.   60.    0.5   0.35  0.3 
    74.264    1.75  1.6   1.5  82.   74.   60.    0.5   0.3   0.25
    74.471    1.75  1.55  1.5  78.   74.   60.    0.5   0.35  0.3 
    74.512    1.7   1.55  1.6  78.   78.   60.    0.5   0.35  0.3 
    74.599    1.75  1.55  1.55 74.   74.   60.    0.5   0.35  0.3 
    74.872    1.75  1.6   1.55 74.   78.   60.    0.5   0.35  0.3 
    74.958    1.7   1.6   1.55 74.   74.   60.    0.5   0.3   0.3 
    75.022    1.8   1.55  1.6  74.   78.   60.    0.5   0.3   0.3 
    75.080    1.8   1.65  1.5  74.   82.   60.    0.5   0.35  0.3 
    75.094    1.8   1.55  1.55 82.   82.   60.    0.5   0.35  0.2 
    75.286    1.7   1.55  1.5  74.   74.   60.    0.5   0.35  0.2 
    75.302    1.75  1.55  1.6  82.   74.   60.    0.5   0.3   0.25
    75.356    1.7   1.55  1.55 74.   82.   60.    0.5   0.35  0.2 
    75.368    1.7   1.55  1.5  78.   82.   60.    0.5   0.35  0.25
    75.461    1.7   1.55  1.55 82.   82.   60.    0.5   0.35  0.2 
    75.502    1.8   1.55  1.55 74.   78.   60.    0.5   0.3   0.2 
    75.618    1.7   1.55  1.6  82.   74.   60.    0.5   0.3   0.3 
    75.756    1.75  1.6   1.55 82.   74.   60.    0.5   0.35  0.3 
    75.904    1.8   1.55  1.55 74.   74.   60.    0.5   0.35  0.2 
    75.946    1.8   1.65  1.5  74.   74.   60.    0.5   0.35  0.3 
    76.008    1.8   1.6   1.55 74.   82.   60.    0.5   0.35  0.3 
    76.176    1.75  1.6   1.5  74.   74.   60.    0.5   0.3   0.2 
    76.214    1.75  1.55  1.5  82.   82.   60.    0.5   0.3   0.2 
    76.725    1.7   1.55  1.5  82.   82.   60.    0.5   0.3   0.2 
    76.738    1.7   1.6   1.5  82.   78.   60.    0.5   0.35  0.3 
    76.747    1.7   1.6   1.55 78.   78.   60.    0.5   0.35  0.25
    76.791    1.75  1.6   1.55 74.   74.   60.    0.5   0.35  0.3 
    77.118    1.7   1.55  1.5  82.   82.   60.    0.5   0.35  0.25
    77.235    1.7   1.55  1.55 78.   78.   60.    0.5   0.3   0.3 
    77.235    1.8   1.55  1.55 82.   74.   60.    0.5   0.3   0.3 
    77.288    1.8   1.55  1.55 74.   82.   60.    0.5   0.3   0.2 
    77.305    1.75  1.55  1.5  82.   82.   60.    0.5   0.35  0.25
    77.785    1.7   1.6   1.55 74.   78.   60.    0.5   0.3   0.3 
    77.879    1.8   1.65  1.5  74.   78.   60.    0.5   0.35  0.3 
    78.118    1.7   1.55  1.55 74.   82.   60.    0.5   0.35  0.3 
    78.242    1.7   1.65  1.5  78.   78.   60.    0.5   0.35  0.3 
    78.336    1.8   1.55  1.5  82.   82.   60.    0.5   0.3   0.2 
    78.563    1.75  1.55  1.55 74.   74.   60.    0.5   0.35  0.2 
    78.901    1.7   1.55  1.55 74.   78.   60.    0.5   0.35  0.2 
    78.917    1.75  1.55  1.55 78.   78.   60.    0.5   0.3   0.25
    79.018    1.75  1.55  1.55 78.   82.   60.    0.5   0.35  0.25
    79.184    1.7   1.55  1.55 78.   82.   60.    0.5   0.35  0.2 
    79.566    1.7   1.55  1.5  74.   74.   60.    0.5   0.3   0.3 
    79.726    1.75  1.6   1.5  82.   74.   60.    0.5   0.3   0.3 
    80.024    1.7   1.55  1.5  78.   82.   60.    0.5   0.3   0.3 
    80.206    1.75  1.55  1.6  74.   78.   60.    0.5   0.3   0.25
    80.610    1.8  1.6  1.5 78.  74.  60.   0.5  0.3  0.3
    81.124    1.7   1.6   1.5  78.   82.   60.    0.5   0.35  0.3 
    81.161    1.7  1.6  1.5 74.  82.  60.   0.5  0.3  0.2
    81.547    1.75  1.6   1.55 78.   74.   60.    0.5   0.35  0.3 
    81.672    1.75  1.6   1.55 78.   74.   60.    0.5   0.35  0.2 
    81.780    1.7   1.65  1.5  78.   74.   60.    0.5   0.35  0.2 
    82.233    1.75  1.65  1.5  74.   74.   60.    0.5   0.35  0.25
    82.272    1.8   1.6   1.5  74.   74.   60.    0.5   0.3   0.25
    82.500    1.8   1.55  1.5  74.   74.   60.    0.5   0.35  0.3 
    83.011    1.75  1.55  1.55 78.   78.   60.    0.5   0.3   0.2 
    83.150    1.7   1.65  1.5  74.   74.   60.    0.5   0.35  0.2 
    83.304    1.7   1.55  1.5  74.   82.   60.    0.5   0.35  0.25
    83.355    1.7   1.55  1.55 82.   78.   60.    0.5   0.3   0.2 
    83.561    1.75  1.55  1.5  74.   82.   60.    0.5   0.35  0.3 
    83.642    1.75  1.55  1.6  78.   74.   60.    0.5   0.3   0.25
    83.746    1.75  1.65  1.5  74.   82.   60.    0.5   0.35  0.25
    84.307    1.75  1.55  1.6  78.   74.   60.    0.5   0.35  0.2 
    84.439    1.75  1.65  1.5  74.   74.   60.    0.5   0.3   0.3 
    84.553    1.75  1.55  1.6  78.   74.   60.    0.5   0.3   0.3 
    84.721    1.75  1.55  1.6  74.   82.   60.    0.5   0.3   0.25
    84.760    1.7   1.55  1.5  82.   74.   60.    0.5   0.35  0.3 
    85.354    1.75  1.55  1.55 78.   78.   60.    0.5   0.35  0.3 
    85.630    1.7   1.65  1.5  74.   78.   60.    0.5   0.35  0.2 
    85.895    1.7   1.55  1.6  82.   78.   60.    0.5   0.35  0.2 
    85.917    1.7   1.6   1.6  82.   74.   60.    0.5   0.35  0.25
    86.041    1.75  1.55  1.5  78.   78.   60.    0.5   0.35  0.3 
    86.210    1.7   1.65  1.5  74.   74.   60.    0.5   0.3   0.25
    86.290    1.7   1.55  1.55 78.   78.   60.    0.5   0.35  0.3 
    86.309    1.75  1.6   1.5  78.   74.   60.    0.5   0.3   0.2 
    86.351    1.75  1.65  1.5  82.   74.   60.    0.5   0.35  0.3 
    86.358    1.8   1.55  1.6  78.   78.   60.    0.5   0.35  0.25
    86.388    1.7   1.55  1.6  78.   74.   60.    0.5   0.35  0.2 
    86.631    1.8   1.6   1.55 78.   74.   60.    0.5   0.35  0.2 
    86.736    1.7   1.65  1.5  82.   74.   60.    0.5   0.35  0.2 
    87.039    1.75  1.65  1.5  74.   78.   60.    0.5   0.35  0.25
    88.308    1.7   1.65  1.5  78.   74.   60.    0.5   0.3   0.3 
    88.459    1.8   1.55  1.6  74.   74.   60.    0.5   0.3   0.25
    88.672    1.7   1.55  1.55 82.   78.   60.    0.5   0.3   0.25
    89.008    1.8   1.55  1.5  82.   78.   60.    0.5   0.3   0.25
    89.104    1.7   1.55  1.55 82.   78.   60.    0.5   0.35  0.3 
    89.220    1.8   1.6   1.55 74.   78.   60.    0.5   0.35  0.3 
    89.389    1.7   1.55  1.6  82.   74.   60.    0.5   0.3   0.2 
    89.531    1.75  1.65  1.5  82.   74.   60.    0.5   0.35  0.25
    89.698    1.7   1.6   1.5  78.   78.   60.    0.5   0.3   0.25
    89.754    1.75  1.55  1.55 82.   78.   60.    0.5   0.3   0.2 
    89.821    1.75  1.55  1.5  74.   78.   60.    0.5   0.35  0.3 
    89.974    1.8   1.55  1.6  78.   74.   60.    0.5   0.35  0.2 
    90.312    1.8   1.55  1.55 78.   78.   60.    0.5   0.3   0.2 
    90.343    1.75  1.65  1.5  78.   74.   60.    0.5   0.35  0.25
    90.579    1.7   1.55  1.55 74.   74.   60.    0.5   0.35  0.2 
    90.619    1.7   1.55  1.55 74.   78.   60.    0.5   0.35  0.3 
    90.787    1.75  1.6   1.5  74.   78.   60.    0.5   0.3   0.2 
    91.378    1.75  1.6   1.55 78.   78.   60.    0.5   0.35  0.25
    91.482    1.8   1.55  1.55 82.   78.   60.    0.5   0.3   0.2 
    91.532    1.8   1.55  1.6  82.   74.   60.    0.5   0.3   0.25
    91.668    1.8   1.6   1.5  78.   78.   60.    0.5   0.35  0.3 
    91.763    1.8   1.6   1.5  82.   74.   60.    0.5   0.3   0.25
    91.983    1.75  1.55  1.6  82.   78.   60.    0.5   0.35  0.2 
    92.155    1.75  1.6   1.5  82.   78.   60.    0.5   0.35  0.3 
    92.180    1.8   1.6   1.5  74.   82.   60.    0.5   0.3   0.25
    92.231    1.75  1.6   1.5  82.   74.   60.    0.5   0.3   0.2 
    92.449    1.75  1.55  1.5  74.   74.   60.    0.5   0.35  0.25
    92.557    1.8   1.55  1.6  82.   78.   60.    0.5   0.35  0.25
    92.813    1.7   1.55  1.5  82.   78.   60.    0.5   0.35  0.3 
    93.195    1.8   1.55  1.55 78.   82.   60.    0.5   0.35  0.25
    93.219    1.7   1.55  1.55 82.   82.   60.    0.5   0.35  0.25
    93.219    1.75  1.65  1.5  74.   82.   60.    0.5   0.3   0.3 
    93.283    1.75  1.65  1.5  74.   78.   60.    0.5   0.3   0.3 
    93.499    1.8   1.6   1.55 74.   74.   60.    0.5   0.35  0.3 
    93.569    1.8   1.65  1.5  78.   74.   60.    0.5   0.35  0.3 
    93.723    1.8   1.55  1.6  82.   78.   60.    0.5   0.35  0.2 
    94.223    1.7   1.6   1.55 74.   74.   60.    0.5   0.35  0.2 
    94.231    1.8   1.6   1.5  78.   74.   60.    0.5   0.3   0.25
    94.556    1.7   1.6   1.55 74.   74.   60.    0.5   0.3   0.25
    95.088    1.8   1.6   1.55 82.   74.   60.    0.5   0.35  0.3 
    95.162    1.7   1.55  1.5  74.   78.   60.    0.5   0.35  0.25
    95.383    1.7   1.65  1.5  74.   82.   60.    0.5   0.35  0.2 
    95.519    1.7   1.6   1.55 82.   78.   60.    0.5   0.35  0.25
    95.532    1.75  1.55  1.5  78.   82.   60.    0.5   0.3   0.25
    96.411    1.7   1.6   1.55 78.   74.   60.    0.5   0.3   0.3 
    96.654    1.75  1.6   1.5  82.   82.   60.    0.5   0.35  0.25
    96.775    1.8   1.6   1.5  74.   78.   60.    0.5   0.3   0.25
    96.921    1.8   1.55  1.5  82.   82.   60.    0.5   0.35  0.25
    97.037    1.8   1.55  1.6  74.   82.   60.    0.5   0.3   0.25
    97.097    1.7   1.6   1.6  82.   74.   60.    0.5   0.35  0.3 
    97.136    1.7   1.55  1.6  82.   78.   60.    0.5   0.35  0.3 
    97.206    1.7   1.6   1.5  82.   82.   60.    0.5   0.35  0.25
    97.304    1.8   1.6   1.55 78.   78.   60.    0.5   0.35  0.25
    97.986    1.8   1.65  1.5  74.   82.   60.    0.5   0.35  0.25
    98.246    1.7   1.65  1.5  74.   78.   60.    0.5   0.3   0.25
    98.262    1.8   1.55  1.6  74.   78.   60.    0.5   0.3   0.25
    98.448    1.75  1.55  1.6  82.   74.   60.    0.5   0.3   0.3 
    98.575    1.7   1.6   1.55 74.   78.   60.    0.5   0.35  0.2 
    99.128    1.8   1.6   1.55 78.   74.   60.    0.5   0.35  0.3 
    99.197    1.7   1.6   1.6  74.   74.   60.    0.5   0.35  0.3 
    99.649    1.7  1.6  1.5 78.  82.  60.   0.5  0.3  0.3
   100.171    1.7   1.6   1.6  74.   82.   60.    0.5   0.35  0.3 
   101.077    1.75  1.55  1.6  82.   74.   60.    0.5   0.3   0.2 
   101.278    1.7   1.65  1.5  78.   78.   60.    0.5   0.35  0.25
   101.615    1.75  1.55  1.6  78.   78.   60.    0.5   0.35  0.3 
   101.800    1.75  1.6   1.55 74.   74.   60.    0.5   0.35  0.2 
   101.959    1.7  1.6  1.5 78.  78.  60.   0.5  0.3  0.2
   102.310    1.75  1.55  1.5  82.   78.   60.    0.5   0.35  0.3 
   102.872    1.75  1.6   1.55 74.   82.   60.    0.5   0.3   0.3 
   102.970    1.75  1.6   1.55 82.   78.   60.    0.5   0.35  0.25
   103.371    1.7   1.55  1.55 78.   82.   60.    0.5   0.3   0.3 
   103.408    1.7   1.55  1.5  78.   78.   60.    0.5   0.35  0.3 
   103.498    1.8   1.55  1.6  78.   74.   60.    0.5   0.3   0.25
   104.287    1.7   1.55  1.6  78.   74.   60.    0.5   0.3   0.2 
   104.358    1.75  1.6   1.5  74.   82.   60.    0.5   0.3   0.2 
   104.677    1.7   1.6   1.55 74.   82.   60.    0.5   0.35  0.2 
   104.918    1.7   1.65  1.5  74.   82.   60.    0.5   0.3   0.25
   105.093    1.7   1.6   1.55 82.   78.   60.    0.5   0.35  0.2 
   105.117    1.7   1.65  1.5  78.   82.   60.    0.5   0.35  0.3 
   105.176    1.8  1.6  1.5 74.  74.  60.   0.5  0.3  0.2
   105.380    1.75  1.65  1.5  74.   74.   60.    0.5   0.35  0.2 
   105.617    1.8   1.65  1.5  82.   74.   60.    0.5   0.35  0.25
   105.685    1.7   1.55  1.6  74.   74.   60.    0.5   0.3   0.2 
   105.874    1.7   1.55  1.6  78.   82.   60.    0.5   0.35  0.25
   105.914    1.75  1.6   1.55 74.   74.   60.    0.5   0.3   0.3 
   106.087    1.8   1.65  1.5  74.   78.   60.    0.5   0.35  0.25
   106.141    1.75  1.6   1.55 74.   78.   60.    0.5   0.35  0.2 
   106.659    1.7   1.6   1.6  74.   78.   60.    0.5   0.35  0.3 
   106.816    1.7   1.6   1.6  78.   74.   60.    0.5   0.35  0.25
   106.985    1.8  1.6  1.5 82.  74.  60.   0.5  0.3  0.3
   107.214    1.7   1.65  1.5  78.   74.   60.    0.5   0.3   0.25
   107.321    1.8   1.65  1.5  82.   74.   60.    0.5   0.35  0.3 
   107.446    1.8   1.65  1.5  74.   74.   60.    0.5   0.35  0.25
   107.621    1.7   1.55  1.55 78.   82.   60.    0.5   0.3   0.25
   107.766    1.7   1.55  1.6  78.   78.   60.    0.5   0.3   0.3 
   107.773    1.7   1.65  1.5  78.   78.   60.    0.5   0.35  0.2 
   107.787    1.7   1.55  1.55 74.   74.   60.    0.5   0.35  0.3 
   108.049    1.8   1.6   1.55 74.   82.   60.    0.5   0.35  0.2 
   108.070    1.8   1.6   1.55 82.   78.   60.    0.5   0.35  0.2 
   108.186    1.75  1.65  1.5  78.   74.   60.    0.5   0.35  0.2 
   108.459    1.8   1.55  1.5  78.   78.   60.    0.5   0.35  0.3 
   108.618    1.7   1.6   1.55 74.   78.   60.    0.5   0.3   0.25
   108.823    1.8   1.55  1.5  78.   78.   60.    0.5   0.3   0.3 
   108.882    1.75  1.65  1.5  82.   74.   60.    0.5   0.35  0.2 
   109.301    1.8   1.6   1.55 74.   74.   60.    0.5   0.35  0.2 
   109.502    1.8   1.6   1.55 74.   78.   60.    0.5   0.35  0.2 
   110.239    1.75  1.65  1.5  74.   78.   60.    0.5   0.35  0.2 
   110.255    1.8   1.55  1.6  82.   74.   60.    0.5   0.3   0.2 
   110.697    1.75  1.55  1.55 78.   78.   60.    0.5   0.3   0.3 
   110.967    1.8   1.6   1.5  82.   82.   60.    0.5   0.35  0.25
   110.971    1.8  1.6  1.5 82.  74.  60.   0.5  0.3  0.2
   110.997    1.7   1.6   1.6  78.   74.   60.    0.5   0.35  0.3 
   111.082    1.8  1.6  1.5 78.  74.  60.   0.5  0.3  0.2
   111.228    1.7   1.55  1.5  78.   74.   60.    0.5   0.35  0.3 
   111.250    1.7   1.55  1.6  78.   82.   60.    0.5   0.35  0.3 
   111.340    1.75  1.6   1.55 82.   78.   60.    0.5   0.35  0.2 
   111.850    1.75  1.6   1.55 74.   82.   60.    0.5   0.35  0.2 
   112.026    1.7   1.6   1.55 78.   78.   60.    0.5   0.35  0.2 
   112.273    1.75  1.6   1.55 74.   78.   60.    0.5   0.3   0.3 
   112.343    1.8   1.55  1.55 78.   78.   60.    0.5   0.3   0.25
   112.867    1.75  1.65  1.5  78.   78.   60.    0.5   0.35  0.3 
   112.873    1.8   1.65  1.5  78.   74.   60.    0.5   0.35  0.25
   113.360    1.75  1.55  1.6  78.   78.   60.    0.5   0.35  0.2 
   113.762    1.75  1.55  1.6  78.   82.   60.    0.5   0.35  0.25
   114.129    1.75  1.6   1.6  82.   74.   60.    0.5   0.35  0.25
   115.410    1.7   1.65  1.5  82.   74.   60.    0.5   0.3   0.3 
   115.671    1.7   1.55  1.6  78.   78.   60.    0.5   0.35  0.2 
   115.724    1.7   1.6   1.55 74.   82.   60.    0.5   0.3   0.25
   116.156    1.8   1.6   1.55 78.   78.   60.    0.5   0.35  0.2 
   116.376    1.75  1.65  1.5  74.   82.   60.    0.5   0.35  0.2 
   116.645    1.75  1.55  1.55 82.   78.   60.    0.5   0.3   0.25
   116.672    1.7   1.6   1.55 78.   74.   60.    0.5   0.3   0.25
   116.754    1.75  1.55  1.55 82.   82.   60.    0.5   0.35  0.25
   116.764    1.75  1.6   1.5  78.   78.   60.    0.5   0.3   0.3 
   117.258    1.8   1.55  1.6  78.   78.   60.    0.5   0.35  0.2 
   117.667    1.7   1.55  1.5  74.   82.   60.    0.5   0.35  0.3 
   117.880    1.75  1.65  1.5  74.   74.   60.    0.5   0.3   0.25
   117.991    1.7   1.55  1.5  74.   74.   60.    0.5   0.35  0.25
   118.021    1.75  1.6   1.55 78.   78.   60.    0.5   0.35  0.2 
   118.055    1.7   1.55  1.6  78.   78.   60.    0.5   0.3   0.25
   118.273    1.7   1.6   1.55 82.   74.   60.    0.5   0.3   0.3 
   118.327    1.7   1.6   1.55 78.   78.   60.    0.5   0.35  0.3 
   118.417    1.8   1.6   1.55 82.   78.   60.    0.5   0.35  0.25
   118.823    1.7   1.6   1.6  74.   74.   60.    0.5   0.35  0.25
   119.077    1.7   1.55  1.5  78.   82.   60.    0.5   0.35  0.3 
   119.206    1.75  1.55  1.5  74.   74.   60.    0.5   0.35  0.3 
   119.645    1.75  1.6   1.5  78.   82.   60.    0.5   0.35  0.3 
   119.689    1.8  1.6  1.5 74.  78.  60.   0.5  0.3  0.2
   120.907    1.7   1.65  1.5  82.   78.   60.    0.5   0.35  0.25
   121.107    1.75  1.6   1.5  78.   78.   60.    0.5   0.3   0.25
   121.460    1.8   1.65  1.5  82.   74.   60.    0.5   0.35  0.2 
   121.571    1.75  1.6   1.6  82.   74.   60.    0.5   0.35  0.3 
   121.979    1.8   1.55  1.6  78.   74.   60.    0.5   0.3   0.3 
   122.699    1.75  1.65  1.5  78.   74.   60.    0.5   0.3   0.3 
   122.717    1.7   1.6   1.55 78.   82.   60.    0.5   0.35  0.25
   122.917    1.75  1.55  1.5  78.   82.   60.    0.5   0.3   0.3 
   122.944    1.75  1.55  1.6  74.   74.   60.    0.5   0.3   0.2 
   123.537    1.7   1.65  1.5  82.   78.   60.    0.5   0.35  0.3 
   123.679    1.7   1.65  1.55 74.   82.   60.    0.5   0.35  0.3 
   123.691    1.75  1.55  1.6  78.   74.   60.    0.5   0.3   0.2 
   124.143    1.75  1.6   1.6  74.   82.   60.    0.5   0.35  0.3 
   124.380    1.7   1.65  1.5  82.   74.   60.    0.5   0.3   0.25
   125.492    1.75  1.55  1.55 82.   78.   60.    0.5   0.35  0.3 
   125.635    1.7   1.65  1.55 74.   74.   60.    0.5   0.35  0.25
   125.717    1.8  1.6  1.5 74.  82.  60.   0.5  0.3  0.2
   125.744    1.7   1.55  1.6  74.   78.   60.    0.5   0.3   0.2 
   125.886    1.75  1.65  1.5  78.   78.   60.    0.5   0.35  0.25
   125.965    1.8   1.65  1.5  78.   74.   60.    0.5   0.35  0.2 
   126.659    1.8   1.55  1.55 78.   78.   60.    0.5   0.35  0.3 
   127.397    1.7   1.6   1.5  82.   78.   60.    0.5   0.3   0.25
   127.702    1.7   1.65  1.55 74.   74.   60.    0.5   0.35  0.3 
   127.723    1.8   1.6   1.6  82.   74.   60.    0.5   0.35  0.25
   127.764    1.7   1.55  1.55 78.   82.   60.    0.5   0.3   0.2 
   128.212    1.75  1.6   1.55 74.   74.   60.    0.5   0.3   0.25
   128.425    1.8   1.65  1.5  74.   82.   60.    0.5   0.35  0.2 
   128.502    1.75  1.6   1.6  74.   74.   60.    0.5   0.35  0.3 
   128.839    1.8   1.65  1.5  74.   74.   60.    0.5   0.3   0.3 
   129.051    1.8   1.55  1.6  82.   82.   60.    0.5   0.35  0.2 
   129.438    1.8   1.65  1.5  74.   78.   60.    0.5   0.35  0.2 
   129.577    1.7   1.65  1.5  82.   78.   60.    0.5   0.35  0.2 
   129.992    1.8   1.65  1.5  74.   74.   60.    0.5   0.35  0.2 
   129.998    1.7  1.6  1.5 82.  78.  60.   0.5  0.3  0.2
   130.101    1.7   1.55  1.55 78.   82.   60.    0.5   0.35  0.3 
   130.193    1.75  1.6   1.55 78.   82.   60.    0.5   0.35  0.25
   130.271    1.8   1.55  1.5  78.   82.   60.    0.5   0.3   0.25
   130.839    1.7   1.6   1.6  82.   74.   60.    0.5   0.35  0.2 
   132.078    1.8   1.6   1.55 78.   82.   60.    0.5   0.35  0.25
   132.393    1.7   1.65  1.5  78.   82.   60.    0.5   0.35  0.25
   132.415    1.8   1.55  1.55 82.   82.   60.    0.5   0.35  0.25
   132.866    1.7   1.6   1.55 82.   74.   60.    0.5   0.3   0.25
   132.943    1.7   1.55  1.5  82.   78.   60.    0.5   0.3   0.3 
   132.960    1.8   1.55  1.6  78.   82.   60.    0.5   0.35  0.25
   133.181    1.7   1.55  1.6  82.   82.   60.    0.5   0.35  0.25
   133.200    1.75  1.6   1.5  78.   78.   60.    0.5   0.3   0.2 
   133.345    1.7   1.65  1.5  78.   78.   60.    0.5   0.3   0.3 
   133.462    1.75  1.6   1.6  78.   74.   60.    0.5   0.35  0.25
   134.610    1.7   1.6   1.6  74.   78.   60.    0.5   0.35  0.25
   134.628    1.75  1.55  1.55 78.   82.   60.    0.5   0.3   0.2 
   135.802    1.75  1.55  1.6  82.   82.   60.    0.5   0.35  0.2 
   135.877    1.8   1.6   1.55 74.   82.   60.    0.5   0.3   0.3 
   136.507    1.75  1.65  1.5  78.   78.   60.    0.5   0.35  0.2 
   136.529    1.8   1.55  1.6  74.   74.   60.    0.5   0.35  0.2 
   136.662    1.7   1.65  1.55 74.   78.   60.    0.5   0.35  0.3 
   136.753    1.75  1.6   1.55 78.   74.   60.    0.5   0.3   0.3 
   137.061    1.75  1.65  1.5  74.   78.   60.    0.5   0.3   0.25
   137.183    1.75  1.55  1.6  74.   74.   60.    0.5   0.35  0.2 
   137.806    1.8   1.55  1.6  78.   82.   60.    0.5   0.35  0.2 
   137.962    1.7   1.6   1.55 74.   74.   60.    0.5   0.3   0.2 
   138.421    1.8   1.55  1.6  74.   78.   60.    0.5   0.35  0.2 
   138.651    1.75  1.6   1.6  74.   78.   60.    0.5   0.35  0.3 
   138.854    1.7   1.6   1.5  78.   82.   60.    0.5   0.3   0.25
   139.291    1.8   1.6   1.6  74.   82.   60.    0.5   0.35  0.3 
   139.469    1.75  1.55  1.5  78.   82.   60.    0.5   0.35  0.3 
   140.002    1.8   1.65  1.5  78.   78.   60.    0.5   0.35  0.25
   140.087    1.75  1.65  1.5  82.   78.   60.    0.5   0.35  0.25
   140.259    1.75  1.55  1.6  74.   78.   60.    0.5   0.35  0.2 
   140.274    1.8   1.55  1.6  78.   74.   60.    0.5   0.3   0.2 
   140.514    1.7   1.6   1.6  74.   82.   60.    0.5   0.35  0.25
   141.083    1.8   1.55  1.55 78.   82.   60.    0.5   0.3   0.2 
   141.331    1.7   1.55  1.6  82.   82.   60.    0.5   0.35  0.2 
   141.842    1.8   1.55  1.6  74.   82.   60.    0.5   0.35  0.2 
   141.917    1.7   1.65  1.55 78.   74.   60.    0.5   0.35  0.25
   143.331    1.7   1.55  1.6  78.   82.   60.    0.5   0.3   0.3 
   144.144    1.8   1.55  1.6  82.   74.   60.    0.5   0.3   0.3 
   144.147    1.7   1.55  1.6  74.   82.   60.    0.5   0.3   0.2 
   144.669    1.7  1.6  1.6 74.  74.  60.   0.5  0.3  0.3
   144.880    1.7  1.6  1.5 82.  78.  60.   0.5  0.3  0.3
   144.894    1.7   1.65  1.55 74.   78.   60.    0.5   0.35  0.25
   144.954    1.7   1.55  1.6  74.   74.   60.    0.5   0.35  0.2 
   145.049    1.75  1.55  1.6  74.   82.   60.    0.5   0.35  0.2 
   145.368    1.7  1.6  1.6 74.  82.  60.   0.5  0.3  0.3
   145.686    1.7   1.65  1.55 82.   74.   60.    0.5   0.35  0.25
   145.753    1.8   1.6   1.55 74.   74.   60.    0.5   0.3   0.3 
   146.298    1.8   1.55  1.6  74.   74.   60.    0.5   0.3   0.2 
   146.515    1.75  1.6   1.6  78.   74.   60.    0.5   0.35  0.3 
   146.590    1.8   1.55  1.5  82.   78.   60.    0.5   0.35  0.3 
   146.599    1.8   1.6   1.55 78.   82.   60.    0.5   0.35  0.2 
   146.865    1.7   1.55  1.6  74.   78.   60.    0.5   0.35  0.2 
   147.343    1.75  1.55  1.6  74.   78.   60.    0.5   0.3   0.2 
   147.480    1.75  1.6   1.6  74.   74.   60.    0.5   0.35  0.25
   148.049    1.7   1.6   1.55 78.   74.   60.    0.5   0.3   0.2 
   148.176    1.75  1.6   1.55 74.   78.   60.    0.5   0.3   0.25
   148.221    1.8   1.6   1.5  82.   78.   60.    0.5   0.35  0.3 
   148.965    1.7   1.65  1.5  74.   74.   60.    0.5   0.3   0.2 
   148.968    1.75  1.6   1.55 78.   78.   60.    0.5   0.35  0.3 
   149.081    1.75  1.6   1.6  82.   74.   60.    0.5   0.35  0.2 
   149.090    1.8   1.65  1.5  74.   78.   60.    0.5   0.3   0.3 
   149.735    1.75  1.55  1.6  78.   82.   60.    0.5   0.35  0.2 
   149.778    1.8   1.6   1.6  78.   74.   60.    0.5   0.35  0.25
   149.806    1.8   1.65  1.5  78.   78.   60.    0.5   0.35  0.2 
   149.997    1.7   1.65  1.55 78.   74.   60.    0.5   0.35  0.3 
   150.530    1.75  1.65  1.5  74.   82.   60.    0.5   0.3   0.25
   150.892    1.7   1.65  1.5  78.   82.   60.    0.5   0.35  0.2 
   151.221    1.8   1.6   1.55 82.   82.   60.    0.5   0.35  0.2 
   152.087    1.75  1.55  1.6  82.   82.   60.    0.5   0.35  0.25
   152.326    1.75  1.6   1.55 74.   82.   60.    0.5   0.3   0.25
   152.592    1.75  1.6   1.5  82.   78.   60.    0.5   0.3   0.25
   152.596    1.8   1.6   1.55 74.   78.   60.    0.5   0.3   0.3 
   152.696    1.8   1.6   1.6  82.   74.   60.    0.5   0.35  0.3 
   153.689    1.8   1.6   1.6  74.   74.   60.    0.5   0.35  0.3 
   153.711    1.8   1.6   1.5  78.   78.   60.    0.5   0.3   0.25
   154.195    1.75  1.65  1.5  78.   82.   60.    0.5   0.35  0.25
   154.646    1.7   1.55  1.6  74.   82.   60.    0.5   0.35  0.2 
   154.828    1.7  1.6  1.5 78.  82.  60.   0.5  0.3  0.2
   155.307    1.75  1.65  1.5  78.   74.   60.    0.5   0.3   0.25
   155.507    1.7   1.65  1.55 74.   82.   60.    0.5   0.3   0.3 
   156.397    1.8   1.65  1.5  82.   78.   60.    0.5   0.35  0.25
   156.891    1.7   1.65  1.55 74.   82.   60.    0.5   0.35  0.25
   156.945    1.75  1.55  1.6  78.   78.   60.    0.5   0.3   0.25
   157.109    1.8  1.6  1.5 78.  78.  60.   0.5  0.3  0.2
   157.445    1.8   1.6   1.6  82.   74.   60.    0.5   0.35  0.2 
   157.453    1.7  1.6  1.6 74.  78.  60.   0.5  0.3  0.3
   157.735    1.75  1.65  1.5  82.   74.   60.    0.5   0.3   0.3 
   157.946    1.8   1.65  1.5  74.   82.   60.    0.5   0.3   0.3 
   157.958    1.8   1.6   1.6  74.   78.   60.    0.5   0.35  0.3 
   158.312    1.7   1.6   1.6  82.   78.   60.    0.5   0.35  0.25
   159.075    1.75  1.6   1.55 82.   74.   60.    0.5   0.3   0.3 
   159.195    1.75  1.6   1.5  82.   78.   60.    0.5   0.3   0.2 
   159.635    1.75  1.65  1.5  82.   78.   60.    0.5   0.35  0.2 
   159.713    1.7   1.65  1.55 82.   74.   60.    0.5   0.35  0.3 
   160.409    1.7   1.6   1.55 74.   78.   60.    0.5   0.3   0.2 
   160.729    1.7   1.65  1.5  78.   78.   60.    0.5   0.3   0.25
   160.840    1.7   1.6   1.55 82.   74.   60.    0.5   0.3   0.2 
   161.103    1.75  1.6   1.55 78.   82.   60.    0.5   0.35  0.2 
   161.298    1.7   1.6   1.55 78.   78.   60.    0.5   0.3   0.3 
   161.432    1.7   1.6   1.55 78.   82.   60.    0.5   0.35  0.2 
   161.470    1.7   1.55  1.5  74.   78.   60.    0.5   0.35  0.3 
   161.750    1.75  1.55  1.6  82.   78.   60.    0.5   0.35  0.3 
   161.856    1.7   1.6   1.55 78.   82.   60.    0.5   0.35  0.3 
   162.537    1.8   1.65  1.5  78.   82.   60.    0.5   0.35  0.25
   162.538    1.75  1.55  1.6  74.   82.   60.    0.5   0.3   0.2 
   162.763    1.7   1.55  1.6  78.   82.   60.    0.5   0.35  0.2 
   163.192    1.75  1.55  1.55 78.   82.   60.    0.5   0.3   0.25
   163.762    1.75  1.55  1.55 78.   82.   60.    0.5   0.3   0.3 
   163.938    1.75  1.6   1.55 78.   74.   60.    0.5   0.3   0.25
   164.047    1.8   1.55  1.6  74.   78.   60.    0.5   0.3   0.2 
   164.236    1.75  1.6   1.6  74.   82.   60.    0.5   0.35  0.25
   164.558    1.7   1.55  1.6  82.   78.   60.    0.5   0.3   0.25
   164.780    1.7   1.55  1.6  82.   78.   60.    0.5   0.3   0.2 
   165.218    1.75  1.55  1.55 78.   82.   60.    0.5   0.35  0.3 
   165.747    1.75  1.6   1.6  74.   78.   60.    0.5   0.35  0.25
   166.107    1.7   1.6   1.6  78.   74.   60.    0.5   0.35  0.2 
   166.235    1.7   1.65  1.55 74.   74.   60.    0.5   0.3   0.3 
   166.476    1.8   1.6   1.6  78.   74.   60.    0.5   0.35  0.3 
   166.686    1.8   1.55  1.55 82.   78.   60.    0.5   0.3   0.25
   167.276    1.8   1.6   1.6  74.   74.   60.    0.5   0.35  0.25
   167.484    1.7   1.6   1.6  74.   74.   60.    0.5   0.3   0.25
   167.889    1.8   1.6   1.6  74.   82.   60.    0.5   0.35  0.25
   167.992    1.8   1.65  1.5  78.   78.   60.    0.5   0.35  0.3 
   168.040    1.75  1.6   1.55 82.   82.   60.    0.5   0.35  0.2 
   169.246    1.7   1.55  1.6  78.   78.   60.    0.5   0.3   0.2 
   169.699    1.8   1.55  1.6  74.   82.   60.    0.5   0.3   0.2 
   170.193    1.8   1.55  1.6  82.   78.   60.    0.5   0.3   0.2 
   170.415    1.7   1.6   1.55 82.   78.   60.    0.5   0.35  0.3 
   171.324    1.8   1.65  1.5  82.   78.   60.    0.5   0.35  0.2 
   171.426    1.8  1.6  1.5 82.  78.  60.   0.5  0.3  0.2
   171.488    1.75  1.6   1.55 74.   74.   60.    0.5   0.3   0.2 
   172.045    1.75  1.55  1.6  78.   82.   60.    0.5   0.35  0.3 
   172.138    1.75  1.65  1.55 74.   82.   60.    0.5   0.35  0.3 
   172.376    1.8   1.55  1.6  78.   78.   60.    0.5   0.35  0.3 
   172.889    1.75  1.55  1.6  82.   78.   60.    0.5   0.3   0.2 
   173.179    1.75  1.65  1.55 74.   74.   60.    0.5   0.35  0.25
   174.003    1.75  1.55  1.6  78.   78.   60.    0.5   0.3   0.3 
   174.181    1.7   1.65  1.5  78.   74.   60.    0.5   0.3   0.2 
   174.653    1.8   1.65  1.5  74.   74.   60.    0.5   0.3   0.25
   174.925    1.8   1.6   1.55 74.   74.   60.    0.5   0.3   0.25
   176.289    1.75  1.65  1.5  82.   78.   60.    0.5   0.35  0.3 
   177.151    1.7   1.6   1.55 82.   82.   60.    0.5   0.35  0.2 
   177.338    1.8   1.6   1.6  74.   78.   60.    0.5   0.35  0.25
   177.436    1.7   1.65  1.5  74.   78.   60.    0.5   0.3   0.2 
   177.923    1.7   1.65  1.5  78.   82.   60.    0.5   0.3   0.3 
   178.030    1.75  1.6   1.5  78.   82.   60.    0.5   0.3   0.2 
   178.223    1.8   1.6   1.55 78.   74.   60.    0.5   0.3   0.3 
   178.438    1.8   1.65  1.5  78.   74.   60.    0.5   0.3   0.3 
   178.776    1.75  1.6   1.6  78.   74.   60.    0.5   0.35  0.2 
   178.881    1.75  1.65  1.55 74.   74.   60.    0.5   0.35  0.3 
   179.046    1.8   1.55  1.55 82.   82.   60.    0.5   0.3   0.2 
   179.071    1.7   1.65  1.5  82.   82.   60.    0.5   0.35  0.25
   179.156    1.7   1.6   1.55 82.   82.   60.    0.5   0.35  0.25
   179.193    1.75  1.65  1.5  82.   74.   60.    0.5   0.3   0.25
   179.865    1.75  1.65  1.5  78.   82.   60.    0.5   0.35  0.3 
   179.949    1.75  1.65  1.5  78.   82.   60.    0.5   0.35  0.2 
   180.084    1.8   1.65  1.5  78.   82.   60.    0.5   0.35  0.2 
   180.307    1.8   1.55  1.6  82.   82.   60.    0.5   0.35  0.25
   180.413    1.8   1.55  1.55 78.   78.   60.    0.5   0.3   0.3 
   180.448    1.7   1.55  1.5  74.   74.   60.    0.5   0.35  0.3 
   180.476    1.7   1.6   1.6  78.   78.   60.    0.5   0.35  0.25
   180.758    1.75  1.6   1.55 82.   74.   60.    0.5   0.3   0.25
   180.877    1.7   1.65  1.55 74.   74.   60.    0.5   0.35  0.2 
   181.125    1.7   1.6   1.6  78.   78.   60.    0.5   0.35  0.3 
   181.185    1.7   1.65  1.55 78.   74.   60.    0.5   0.35  0.2 
   181.393    1.7   1.6   1.55 74.   82.   60.    0.5   0.3   0.2 
   182.030    1.7   1.55  1.55 82.   82.   60.    0.5   0.3   0.2 
   182.706    1.7   1.65  1.55 74.   78.   60.    0.5   0.3   0.3 
   182.716    1.8   1.6   1.5  82.   78.   60.    0.5   0.3   0.25
   182.835    1.7   1.65  1.55 82.   74.   60.    0.5   0.35  0.2 
   183.610    1.8   1.55  1.55 82.   78.   60.    0.5   0.35  0.3 
   183.634    1.75  1.55  1.55 82.   82.   60.    0.5   0.3   0.2 
   184.250    1.8   1.6   1.5  78.   82.   60.    0.5   0.35  0.3 
   185.297    1.7   1.65  1.5  82.   74.   60.    0.5   0.3   0.2 
   186.281    1.8   1.6   1.6  78.   74.   60.    0.5   0.35  0.2 
   186.960    1.75  1.55  1.6  78.   78.   60.    0.5   0.3   0.2 
   187.509    1.7   1.6   1.55 78.   78.   60.    0.5   0.3   0.25
   188.239    1.8   1.55  1.6  78.   78.   60.    0.5   0.3   0.2 
   188.771    1.8   1.6   1.55 74.   82.   60.    0.5   0.3   0.25
   190.045    1.75  1.55  1.5  82.   78.   60.    0.5   0.3   0.3 
   190.203    1.8  1.6  1.5 78.  82.  60.   0.5  0.3  0.2
   190.229    1.8   1.6   1.55 74.   78.   60.    0.5   0.3   0.25
   190.409    1.7  1.6  1.6 78.  74.  60.   0.5  0.3  0.3
   191.786    1.75  1.65  1.5  74.   74.   60.    0.5   0.3   0.2 
   191.851    1.75  1.65  1.55 74.   78.   60.    0.5   0.35  0.3 
   192.509    1.7   1.55  1.6  78.   82.   60.    0.5   0.3   0.25
   193.034    1.7   1.55  1.55 82.   78.   60.    0.5   0.3   0.3 
   193.196    1.7   1.65  1.5  82.   82.   60.    0.5   0.35  0.2 
   193.376    1.7   1.6   1.6  82.   78.   60.    0.5   0.35  0.2 
   194.166    1.75  1.6   1.55 78.   74.   60.    0.5   0.3   0.2 
   195.324    1.8   1.55  1.5  78.   82.   60.    0.5   0.35  0.3 
   196.181    1.8   1.65  1.5  74.   78.   60.    0.5   0.3   0.25
   196.883    1.75  1.6   1.55 82.   82.   60.    0.5   0.35  0.25
   197.092    1.7   1.6   1.6  74.   74.   60.    0.5   0.35  0.2 
   197.682    1.8   1.6   1.55 82.   74.   60.    0.5   0.3   0.3 
   198.044    1.7   1.6   1.6  74.   78.   60.    0.5   0.3   0.25
   198.344    1.75  1.6   1.6  74.   74.   60.    0.5   0.3   0.3 
   199.213    1.75  1.65  1.55 78.   74.   60.    0.5   0.35  0.25
   199.252    1.8   1.6   1.55 78.   74.   60.    0.5   0.3   0.25
   199.463    1.8   1.55  1.5  78.   82.   60.    0.5   0.3   0.3 
   199.959    1.75  1.6   1.6  74.   82.   60.    0.5   0.3   0.3 
   200.141    1.75  1.6   1.5  78.   82.   60.    0.5   0.3   0.25
   200.293    1.8   1.65  1.55 74.   82.   60.    0.5   0.35  0.3 
   200.425    1.75  1.65  1.55 82.   74.   60.    0.5   0.35  0.25
   201.299    1.75  1.65  1.55 74.   78.   60.    0.5   0.35  0.25
   201.420    1.7   1.65  1.6  74.   74.   60.    0.5   0.35  0.3 
   201.751    1.7   1.65  1.5  74.   82.   60.    0.5   0.3   0.2 
   202.131    1.75  1.6   1.55 74.   78.   60.    0.5   0.3   0.2 
   202.372    1.7   1.65  1.55 74.   78.   60.    0.5   0.35  0.2 
   202.450    1.75  1.6   1.6  82.   78.   60.    0.5   0.35  0.25
   204.296    1.75  1.6   1.55 82.   74.   60.    0.5   0.3   0.2 
   204.635    1.75  1.65  1.55 74.   82.   60.    0.5   0.35  0.25
   204.852    1.75  1.65  1.55 82.   74.   60.    0.5   0.35  0.3 
   205.361    1.75  1.65  1.55 78.   74.   60.    0.5   0.35  0.3 
   206.286    1.7   1.6   1.6  74.   82.   60.    0.5   0.3   0.25
   206.771    1.8  1.6  1.5 78.  78.  60.   0.5  0.3  0.3
   207.350    1.8   1.65  1.5  78.   74.   60.    0.5   0.3   0.25
   207.459    1.8   1.6   1.55 82.   74.   60.    0.5   0.3   0.25
   207.841    1.75  1.6   1.6  78.   78.   60.    0.5   0.35  0.25
   207.842    1.8   1.55  1.55 78.   82.   60.    0.5   0.3   0.25
   208.435    1.8   1.6   1.55 82.   82.   60.    0.5   0.35  0.25
   209.911    1.7   1.6   1.55 78.   82.   60.    0.5   0.3   0.3 
   211.347    1.7  1.6  1.6 82.  74.  60.   0.5  0.3  0.3
   212.246    1.8   1.65  1.5  74.   82.   60.    0.5   0.3   0.25
   212.868    1.75  1.65  1.5  82.   82.   60.    0.5   0.35  0.25
   213.058    1.75  1.55  1.6  82.   78.   60.    0.5   0.3   0.25
   213.070    1.75  1.6   1.55 82.   78.   60.    0.5   0.35  0.3 
   213.577    1.8   1.65  1.5  82.   74.   60.    0.5   0.3   0.3 
   214.656    1.75  1.6   1.5  78.   82.   60.    0.5   0.3   0.3 
   214.742    1.7   1.65  1.55 78.   78.   60.    0.5   0.35  0.25
   214.989    1.7   1.55  1.5  82.   82.   60.    0.5   0.3   0.25
   215.170    1.8   1.55  1.6  78.   78.   60.    0.5   0.3   0.25
   215.513    1.7   1.65  1.55 74.   74.   60.    0.5   0.3   0.25
   215.720    1.75  1.65  1.5  82.   82.   60.    0.5   0.35  0.2 
   216.002    1.75  1.6   1.6  74.   78.   60.    0.5   0.3   0.3 
   216.621    1.75  1.6   1.6  74.   74.   60.    0.5   0.35  0.2 
   216.740    1.8   1.6   1.6  82.   78.   60.    0.5   0.35  0.2 
   217.601    1.7   1.65  1.55 78.   78.   60.    0.5   0.35  0.3 
   217.740    1.7   1.6   1.5  82.   82.   60.    0.5   0.35  0.3 
   218.176    1.8   1.6   1.6  78.   78.   60.    0.5   0.35  0.25
   218.304    1.7   1.65  1.6  74.   82.   60.    0.5   0.35  0.3 
   218.554    1.7   1.6   1.6  78.   74.   60.    0.5   0.3   0.25
   218.877    1.75  1.6   1.55 74.   82.   60.    0.5   0.3   0.2 
   219.311    1.75  1.65  1.55 74.   74.   60.    0.5   0.35  0.2 
   219.595    1.8   1.65  1.5  82.   82.   60.    0.5   0.35  0.2 
   220.281    1.8   1.65  1.55 74.   74.   60.    0.5   0.35  0.3 
   220.368    1.8   1.6   1.55 78.   78.   60.    0.5   0.35  0.3 
   220.762    1.7   1.6   1.6  82.   78.   60.    0.5   0.35  0.3 
   221.100    1.8   1.6   1.55 74.   74.   60.    0.5   0.3   0.2 
   221.898    1.7   1.65  1.5  78.   82.   60.    0.5   0.3   0.25
   222.158    1.8   1.65  1.55 74.   74.   60.    0.5   0.35  0.25
   222.432    1.7   1.6   1.55 78.   78.   60.    0.5   0.3   0.2 
   222.573    1.7   1.65  1.55 78.   74.   60.    0.5   0.3   0.3 
   223.656    1.8   1.55  1.55 78.   82.   60.    0.5   0.35  0.3 
   224.623    1.7   1.6   1.6  74.   78.   60.    0.5   0.35  0.2 
   224.818    1.75  1.65  1.55 78.   74.   60.    0.5   0.35  0.2 
   224.843    1.75  1.65  1.55 82.   74.   60.    0.5   0.35  0.2 
   224.945    1.7   1.65  1.5  82.   78.   60.    0.5   0.3   0.25
   224.976    1.7   1.65  1.55 74.   82.   60.    0.5   0.35  0.2 
   226.242    1.75  1.6   1.6  82.   78.   60.    0.5   0.35  0.2 
   226.286    1.8   1.65  1.55 74.   78.   60.    0.5   0.35  0.3 
   226.660    1.7   1.65  1.6  74.   78.   60.    0.5   0.35  0.3 
   227.092    1.75  1.55  1.6  78.   82.   60.    0.5   0.3   0.3 
   227.388    1.7  1.6  1.5 82.  82.  60.   0.5  0.3  0.2
   228.588    1.7   1.65  1.6  74.   74.   60.    0.5   0.35  0.25
   228.999    1.8   1.65  1.55 74.   82.   60.    0.5   0.35  0.25
   229.493    1.75  1.6   1.6  74.   74.   60.    0.5   0.3   0.25
   229.502    1.8   1.6   1.6  82.   78.   60.    0.5   0.35  0.25
   229.902    1.8   1.6   1.6  74.   74.   60.    0.5   0.35  0.2 
   230.649    1.8   1.65  1.5  82.   82.   60.    0.5   0.35  0.25
   230.765    1.7   1.6   1.6  78.   78.   60.    0.5   0.35  0.2 
   231.084    1.75  1.65  1.5  78.   74.   60.    0.5   0.3   0.2 
   231.429    1.75  1.65  1.5  78.   78.   60.    0.5   0.3   0.3 
   231.697    1.75  1.65  1.5  74.   78.   60.    0.5   0.3   0.2 
   232.910    1.75  1.65  1.5  78.   78.   60.    0.5   0.3   0.25
   233.304    1.7   1.65  1.6  82.   74.   60.    0.5   0.35  0.3 
   233.895    1.8   1.65  1.55 82.   74.   60.    0.5   0.35  0.25
   234.155    1.8   1.6   1.55 82.   74.   60.    0.5   0.3   0.2 
   234.341    1.8   1.65  1.5  82.   78.   60.    0.5   0.35  0.3 
   234.898    1.8   1.6   1.55 78.   74.   60.    0.5   0.3   0.2 
   235.151    1.8   1.55  1.6  82.   78.   60.    0.5   0.35  0.3 
   235.557    1.7   1.6   1.6  82.   74.   60.    0.5   0.3   0.25
   235.716    1.7  1.6  1.6 74.  74.  60.   0.5  0.3  0.2
   235.759    1.8   1.6   1.6  74.   82.   60.    0.5   0.35  0.2 
   236.439    1.75  1.65  1.55 74.   82.   60.    0.5   0.3   0.3 
   238.041    1.8   1.65  1.5  82.   74.   60.    0.5   0.3   0.25
   238.838    1.7   1.55  1.5  82.   82.   60.    0.5   0.35  0.3 
   239.010    1.75  1.55  1.5  82.   82.   60.    0.5   0.3   0.25
   239.047    1.75  1.6   1.6  74.   78.   60.    0.5   0.35  0.2 
   240.201    1.8   1.65  1.55 82.   74.   60.    0.5   0.35  0.3 
   240.466    1.8   1.6   1.6  78.   78.   60.    0.5   0.35  0.2 
   240.927    1.7   1.6   1.6  74.   82.   60.    0.5   0.35  0.2 
   241.048    1.7   1.65  1.6  82.   74.   60.    0.5   0.35  0.25
   241.341    1.7   1.65  1.55 82.   78.   60.    0.5   0.35  0.25
   241.461    1.8   1.65  1.55 78.   74.   60.    0.5   0.35  0.25
   242.124    1.8   1.65  1.55 74.   78.   60.    0.5   0.35  0.25
   242.304    1.75  1.6   1.6  78.   78.   60.    0.5   0.35  0.2 
   242.485    1.8   1.65  1.55 82.   74.   60.    0.5   0.35  0.2 
   242.543    1.8   1.6   1.6  74.   78.   60.    0.5   0.35  0.2 
   243.848    1.7   1.65  1.55 78.   78.   60.    0.5   0.35  0.2 
   243.967    1.8   1.55  1.55 78.   82.   60.    0.5   0.3   0.3 
   243.996    1.8   1.65  1.55 78.   74.   60.    0.5   0.35  0.3 
   244.322    1.8   1.6   1.55 74.   78.   60.    0.5   0.3   0.2 
   244.448    1.7   1.65  1.5  82.   82.   60.    0.5   0.35  0.3 
   244.693    1.75  1.6   1.55 78.   82.   60.    0.5   0.35  0.3 
   244.903    1.75  1.65  1.55 74.   78.   60.    0.5   0.35  0.2 
   245.702    1.7   1.55  1.6  82.   78.   60.    0.5   0.3   0.3 
   245.735    1.75  1.6   1.5  82.   78.   60.    0.5   0.3   0.3 
   245.992    1.75  1.65  1.55 74.   74.   60.    0.5   0.3   0.3 
   246.729    1.75  1.6   1.5  82.   82.   60.    0.5   0.3   0.2 
   247.659    1.75  1.6   1.6  74.   82.   60.    0.5   0.35  0.2 
   247.682    1.7   1.55  1.6  78.   82.   60.    0.5   0.3   0.2 
   247.813    1.75  1.6   1.6  78.   78.   60.    0.5   0.35  0.3 
   247.993    1.8  1.6  1.5 82.  82.  60.   0.5  0.3  0.2
   248.679    1.8  1.6  1.6 74.  82.  60.   0.5  0.3  0.3
   249.945    1.8   1.55  1.6  78.   82.   60.    0.5   0.35  0.3 
   251.179    1.7   1.65  1.55 82.   78.   60.    0.5   0.35  0.2 
   251.559    1.8   1.6   1.55 74.   82.   60.    0.5   0.3   0.2 
   251.717    1.8  1.6  1.6 74.  74.  60.   0.5  0.3  0.3
   252.051    1.75  1.65  1.5  82.   74.   60.    0.5   0.3   0.2 
   252.108    1.7   1.65  1.5  78.   78.   60.    0.5   0.3   0.2 
   253.901    1.7  1.6  1.6 82.  74.  60.   0.5  0.3  0.2
   254.077    1.75  1.65  1.55 74.   78.   60.    0.5   0.3   0.3 
   255.196    1.8   1.6   1.5  78.   82.   60.    0.5   0.3   0.25
   255.895    1.7   1.65  1.6  78.   74.   60.    0.5   0.35  0.3 
   256.370    1.7   1.65  1.5  82.   78.   60.    0.5   0.3   0.3 
   256.494    1.8   1.65  1.55 78.   74.   60.    0.5   0.35  0.2 
   256.501    1.75  1.55  1.6  78.   82.   60.    0.5   0.3   0.2 
   258.152    1.7  1.6  1.6 78.  74.  60.   0.5  0.3  0.2
   258.412    1.75  1.6   1.6  74.   78.   60.    0.5   0.3   0.25
   258.604    1.7   1.65  1.55 78.   74.   60.    0.5   0.3   0.25
   258.960    1.7   1.6   1.55 82.   78.   60.    0.5   0.3   0.2 
   259.180    1.7   1.65  1.6  78.   74.   60.    0.5   0.35  0.25
   259.443    1.8   1.65  1.55 74.   74.   60.    0.5   0.35  0.2 
   259.779    1.8   1.55  1.6  78.   82.   60.    0.5   0.3   0.2 
   260.326    1.75  1.65  1.55 74.   82.   60.    0.5   0.35  0.2 
   260.420    1.75  1.65  1.5  74.   82.   60.    0.5   0.3   0.2 
   260.706    1.75  1.6   1.6  74.   82.   60.    0.5   0.3   0.25
   261.197    1.75  1.6   1.55 78.   78.   60.    0.5   0.3   0.3 
   261.532    1.7   1.65  1.6  74.   78.   60.    0.5   0.35  0.25
   261.649    1.8   1.65  1.5  74.   74.   60.    0.5   0.3   0.2 
   262.003    1.75  1.6   1.55 78.   78.   60.    0.5   0.3   0.25
   263.560    1.7   1.65  1.55 74.   78.   60.    0.5   0.3   0.25
   264.253    1.8   1.55  1.6  78.   78.   60.    0.5   0.3   0.3 
   265.095    1.75  1.55  1.6  78.   82.   60.    0.5   0.3   0.25
   266.791    1.7   1.65  1.55 82.   74.   60.    0.5   0.3   0.3 
   266.952    1.8   1.55  1.5  82.   78.   60.    0.5   0.3   0.3 
   267.406    1.7   1.6   1.6  78.   82.   60.    0.5   0.35  0.25
   267.760    1.75  1.6   1.6  78.   74.   60.    0.5   0.3   0.3 
   268.406    1.7   1.65  1.55 74.   82.   60.    0.5   0.3   0.25
   268.473    1.7   1.6   1.6  78.   82.   60.    0.5   0.35  0.3 
   269.045    1.8   1.55  1.5  82.   82.   60.    0.5   0.3   0.25
   270.913    1.75  1.6   1.55 78.   78.   60.    0.5   0.3   0.2 
   271.174    1.8  1.6  1.6 74.  78.  60.   0.5  0.3  0.3
   271.434    1.8   1.6   1.6  82.   82.   60.    0.5   0.35  0.2 
   271.609    1.8   1.65  1.5  78.   82.   60.    0.5   0.35  0.3 
   271.626    1.7   1.65  1.55 78.   82.   60.    0.5   0.35  0.3 
   273.803    1.7   1.65  1.55 82.   74.   60.    0.5   0.3   0.25
   274.139    1.75  1.6   1.5  82.   82.   60.    0.5   0.35  0.3 
   274.901    1.75  1.55  1.5  82.   82.   60.    0.5   0.35  0.3 
   276.064    1.8   1.6   1.6  78.   82.   60.    0.5   0.35  0.25
   277.157    1.8   1.65  1.55 74.   78.   60.    0.5   0.35  0.2 
   277.520    1.7   1.6   1.55 82.   78.   60.    0.5   0.3   0.25
   277.714    1.7   1.6   1.55 78.   82.   60.    0.5   0.3   0.25
   277.964    1.7   1.65  1.55 78.   82.   60.    0.5   0.35  0.25
   278.006    1.7   1.65  1.55 74.   74.   60.    0.5   0.3   0.2 
   279.171    1.8   1.65  1.55 74.   82.   60.    0.5   0.35  0.2 
   279.237    1.75  1.65  1.55 78.   78.   60.    0.5   0.35  0.25
   279.730    1.8   1.6   1.6  78.   82.   60.    0.5   0.35  0.2 
   280.828    1.7   1.65  1.6  74.   82.   60.    0.5   0.35  0.25
   281.970    1.75  1.55  1.55 82.   78.   60.    0.5   0.3   0.3 
   282.251    1.8   1.55  1.6  82.   78.   60.    0.5   0.3   0.25
   284.455    1.7  1.6  1.6 74.  78.  60.   0.5  0.3  0.2
   285.761    1.8   1.6   1.55 82.   78.   60.    0.5   0.35  0.3 
   285.823    1.7   1.6   1.6  82.   82.   60.    0.5   0.35  0.2 
   286.405    1.75  1.65  1.6  74.   74.   60.    0.5   0.35  0.3 
   288.027    1.7   1.6   1.5  82.   82.   60.    0.5   0.3   0.25
   288.840    1.7   1.6   1.6  82.   82.   60.    0.5   0.35  0.25
   289.040    1.8   1.55  1.6  82.   82.   60.    0.5   0.3   0.2 
   292.040    1.75  1.6   1.6  78.   82.   60.    0.5   0.35  0.25
   292.361    1.7   1.55  1.6  82.   82.   60.    0.5   0.3   0.2 
   292.778    1.75  1.65  1.55 78.   78.   60.    0.5   0.35  0.2 
   294.358    1.7   1.6   1.6  78.   82.   60.    0.5   0.35  0.2 
   294.361    1.75  1.65  1.6  74.   82.   60.    0.5   0.35  0.3 
   294.738    1.7   1.65  1.6  82.   74.   60.    0.5   0.35  0.2 
   294.812    1.75  1.6   1.6  82.   82.   60.    0.5   0.35  0.2 
   296.063    1.75  1.6   1.6  74.   74.   60.    0.5   0.3   0.2 
   296.583    1.75  1.65  1.55 74.   74.   60.    0.5   0.3   0.25
   297.133    1.75  1.6   1.6  78.   74.   60.    0.5   0.3   0.25
   297.849    1.75  1.65  1.55 82.   78.   60.    0.5   0.35  0.2 
   298.648    1.7   1.55  1.6  82.   82.   60.    0.5   0.35  0.3 
   298.854    1.8   1.6   1.55 78.   78.   60.    0.5   0.3   0.2 
   300.679    1.8   1.65  1.5  78.   74.   60.    0.5   0.3   0.2 
   301.250    1.8   1.6   1.6  74.   74.   60.    0.5   0.3   0.25
   302.099    1.7   1.65  1.6  74.   74.   60.    0.5   0.3   0.3 
   302.245    1.8   1.65  1.55 82.   78.   60.    0.5   0.35  0.2 
   302.674    1.7   1.65  1.5  82.   78.   60.    0.5   0.3   0.2 
   303.234    1.7   1.6   1.55 78.   82.   60.    0.5   0.3   0.2 
   303.611    1.8   1.65  1.5  74.   78.   60.    0.5   0.3   0.2 
   304.705    1.75  1.65  1.6  74.   74.   60.    0.5   0.35  0.25
   304.954    1.8   1.55  1.6  78.   82.   60.    0.5   0.3   0.3 
   305.614    1.7  1.6  1.6 78.  78.  60.   0.5  0.3  0.3
   305.733    1.7   1.65  1.55 82.   78.   60.    0.5   0.35  0.3 
   307.029    1.75  1.6   1.6  78.   82.   60.    0.5   0.35  0.2 
   307.145    1.75  1.55  1.6  82.   82.   60.    0.5   0.3   0.2 
   307.838    1.8   1.65  1.55 74.   74.   60.    0.5   0.3   0.3 
   307.979    1.7   1.55  1.55 82.   82.   60.    0.5   0.35  0.3 
   308.961    1.7   1.55  1.55 82.   82.   60.    0.5   0.3   0.25
   309.375    1.75  1.65  1.6  74.   78.   60.    0.5   0.35  0.3 
   309.935    1.8   1.65  1.55 78.   78.   60.    0.5   0.35  0.2 
   310.355    1.75  1.6   1.55 82.   78.   60.    0.5   0.3   0.2 
   311.034    1.7   1.65  1.6  74.   82.   60.    0.5   0.3   0.3 
   311.362    1.8   1.65  1.55 78.   78.   60.    0.5   0.35  0.25
   311.833    1.7   1.65  1.6  74.   74.   60.    0.5   0.35  0.2 
   312.542    1.8   1.65  1.5  78.   78.   60.    0.5   0.3   0.25
   313.103    1.7   1.65  1.55 78.   74.   60.    0.5   0.3   0.2 
   313.580    1.75  1.6   1.6  82.   74.   60.    0.5   0.3   0.25
   313.887    1.75  1.6   1.6  82.   78.   60.    0.5   0.35  0.3 
   314.077    1.75  1.6   1.6  82.   74.   60.    0.5   0.3   0.3 
   314.207    1.75  1.65  1.55 78.   74.   60.    0.5   0.3   0.3 
   314.585    1.8   1.6   1.6  78.   78.   60.    0.5   0.35  0.3 
   316.881    1.7  1.6  1.6 74.  82.  60.   0.5  0.3  0.2
   317.085    1.8   1.65  1.5  82.   74.   60.    0.5   0.3   0.2 
   318.671    1.75  1.65  1.55 82.   78.   60.    0.5   0.35  0.25
   319.138    1.75  1.65  1.6  82.   74.   60.    0.5   0.35  0.25
   319.491    1.7   1.65  1.55 78.   82.   60.    0.5   0.35  0.2 
   320.713    1.75  1.65  1.5  78.   78.   60.    0.5   0.3   0.2 
   320.743    1.8   1.65  1.5  74.   82.   60.    0.5   0.3   0.2 
   321.248    1.8  1.6  1.5 78.  82.  60.   0.5  0.3  0.3
   322.521    1.8   1.55  1.6  78.   82.   60.    0.5   0.3   0.25
   323.610    1.75  1.65  1.55 78.   78.   60.    0.5   0.35  0.3 
   323.787    1.8  1.6  1.5 82.  78.  60.   0.5  0.3  0.3
   323.812    1.8   1.6   1.55 82.   78.   60.    0.5   0.3   0.2 
   325.184    1.75  1.6   1.6  82.   74.   60.    0.5   0.3   0.2 
   325.319    1.7   1.65  1.6  78.   74.   60.    0.5   0.35  0.2 
   325.602    1.7   1.6   1.6  78.   78.   60.    0.5   0.3   0.25
   326.531    1.7   1.6   1.55 82.   78.   60.    0.5   0.3   0.3 
   326.567    1.8   1.6   1.55 78.   82.   60.    0.5   0.35  0.3 
   327.084    1.8   1.6   1.6  74.   82.   60.    0.5   0.3   0.25
   329.789    1.75  1.65  1.5  82.   78.   60.    0.5   0.3   0.25
   330.037    1.75  1.6   1.6  78.   74.   60.    0.5   0.3   0.2 
   331.156    1.75  1.6   1.6  82.   82.   60.    0.5   0.35  0.25
   331.231    1.7   1.65  1.5  78.   82.   60.    0.5   0.3   0.2 
   334.080    1.8   1.6   1.55 78.   78.   60.    0.5   0.3   0.25
   334.835    1.7   1.65  1.55 82.   74.   60.    0.5   0.3   0.2 
   336.892    1.7   1.65  1.55 78.   78.   60.    0.5   0.3   0.3 
   337.565    1.7   1.65  1.6  74.   78.   60.    0.5   0.3   0.3 
   337.724    1.75  1.65  1.6  78.   74.   60.    0.5   0.35  0.3 
   338.378    1.8   1.55  1.5  82.   82.   60.    0.5   0.35  0.3 
   339.474    1.8   1.6   1.6  74.   78.   60.    0.5   0.3   0.25
   341.103    1.75  1.55  1.55 82.   82.   60.    0.5   0.3   0.25
   343.282    1.7   1.65  1.55 74.   78.   60.    0.5   0.3   0.2 
   345.096    1.8   1.6   1.5  82.   82.   60.    0.5   0.35  0.3 
   345.170    1.75  1.65  1.6  74.   78.   60.    0.5   0.35  0.25
   345.271    1.75  1.6   1.6  78.   82.   60.    0.5   0.35  0.3 
   346.547    1.75  1.65  1.6  78.   74.   60.    0.5   0.35  0.25
   347.990    1.75  1.65  1.6  82.   74.   60.    0.5   0.35  0.3 
   349.415    1.75  1.65  1.55 78.   74.   60.    0.5   0.3   0.25
   349.549    1.7   1.65  1.55 82.   82.   60.    0.5   0.35  0.2 
   349.821    1.7   1.65  1.6  82.   78.   60.    0.5   0.35  0.25
   350.480    1.75  1.65  1.55 74.   78.   60.    0.5   0.3   0.25
   351.792    1.75  1.6   1.6  74.   78.   60.    0.5   0.3   0.2 
   353.147    1.75  1.65  1.55 74.   74.   60.    0.5   0.3   0.2 
   353.399    1.7   1.65  1.6  74.   78.   60.    0.5   0.35  0.2 
   354.371    1.75  1.65  1.5  78.   82.   60.    0.5   0.3   0.25
   355.320    1.7   1.65  1.6  78.   78.   60.    0.5   0.35  0.3 
   355.689    1.8  1.6  1.6 78.  74.  60.   0.5  0.3  0.3
   355.840    1.8   1.65  1.6  74.   74.   60.    0.5   0.35  0.3 
   356.083    1.7   1.65  1.6  78.   78.   60.    0.5   0.35  0.25
   356.332    1.8   1.65  1.55 78.   82.   60.    0.5   0.35  0.2 
   356.341    1.8   1.65  1.6  74.   82.   60.    0.5   0.35  0.3 
   357.032    1.75  1.6   1.55 78.   82.   60.    0.5   0.3   0.3 
   357.151    1.8   1.65  1.55 74.   82.   60.    0.5   0.3   0.3 
   357.566    1.75  1.65  1.6  74.   82.   60.    0.5   0.35  0.25
   357.602    1.8   1.6   1.6  78.   74.   60.    0.5   0.3   0.25
   358.159    1.8   1.65  1.55 82.   78.   60.    0.5   0.35  0.25
   358.542    1.75  1.65  1.55 82.   74.   60.    0.5   0.3   0.3 
   358.729    1.8   1.6   1.6  82.   82.   60.    0.5   0.35  0.25
   358.863    1.8  1.6  1.6 82.  74.  60.   0.5  0.3  0.2
   360.526    1.75  1.55  1.55 82.   82.   60.    0.5   0.35  0.3 
   360.797    1.75  1.6   1.55 78.   82.   60.    0.5   0.3   0.2 
   362.287    1.75  1.6   1.5  82.   82.   60.    0.5   0.3   0.25
   363.212    1.75  1.55  1.6  82.   78.   60.    0.5   0.3   0.3 
   363.554    1.75  1.65  1.5  82.   78.   60.    0.5   0.3   0.2 
   363.860    1.75  1.65  1.55 78.   82.   60.    0.5   0.35  0.25
   363.943    1.75  1.65  1.6  82.   74.   60.    0.5   0.35  0.2 
   364.110    1.75  1.65  1.55 78.   82.   60.    0.5   0.35  0.2 
   364.830    1.75  1.65  1.5  78.   82.   60.    0.5   0.3   0.3 
   364.895    1.7   1.65  1.6  78.   74.   60.    0.5   0.3   0.3 
   365.956    1.8   1.65  1.55 74.   78.   60.    0.5   0.3   0.3 
   367.207    1.75  1.65  1.55 74.   82.   60.    0.5   0.3   0.25
   367.208    1.75  1.65  1.6  74.   74.   60.    0.5   0.35  0.2 
   367.287    1.7  1.6  1.6 82.  78.  60.   0.5  0.3  0.2
   368.488    1.8   1.6   1.6  82.   74.   60.    0.5   0.3   0.25
   368.586    1.8   1.55  1.55 82.   82.   60.    0.5   0.3   0.25
   368.682    1.8   1.65  1.55 82.   82.   60.    0.5   0.35  0.2 
   368.750    1.75  1.6   1.6  74.   82.   60.    0.5   0.3   0.2 
   368.948    1.7   1.65  1.55 82.   82.   60.    0.5   0.35  0.25
   369.440    1.8  1.6  1.6 74.  74.  60.   0.5  0.3  0.2
   370.876    1.8   1.6   1.55 78.   82.   60.    0.5   0.3   0.2 
   371.052    1.75  1.65  1.5  82.   82.   60.    0.5   0.35  0.3 
   372.339    1.75  1.55  1.6  82.   82.   60.    0.5   0.35  0.3 
   372.493    1.8   1.6   1.5  82.   82.   60.    0.5   0.3   0.25
   372.621    1.75  1.6   1.55 82.   78.   60.    0.5   0.3   0.25
   372.792    1.8   1.65  1.6  74.   74.   60.    0.5   0.35  0.25
   373.415    1.8   1.65  1.5  78.   78.   60.    0.5   0.3   0.2 
   374.420    1.75  1.65  1.55 82.   74.   60.    0.5   0.3   0.25
   376.038    1.8   1.65  1.6  82.   74.   60.    0.5   0.35  0.25
   376.261    1.8   1.65  1.6  74.   78.   60.    0.5   0.35  0.3 
   376.359    1.8   1.55  1.55 82.   78.   60.    0.5   0.3   0.3 
   378.223    1.7   1.55  1.5  82.   82.   60.    0.5   0.3   0.3 
   378.655    1.7  1.6  1.5 82.  82.  60.   0.5  0.3  0.3
   379.277    1.8   1.65  1.5  78.   78.   60.    0.5   0.3   0.3 
   380.870    1.8   1.6   1.55 78.   78.   60.    0.5   0.3   0.3 
   381.774    1.7  1.6  1.6 78.  82.  60.   0.5  0.3  0.3
   382.415    1.7  1.6  1.6 78.  78.  60.   0.5  0.3  0.2
   383.993    1.8   1.65  1.55 74.   74.   60.    0.5   0.3   0.25
   385.316    1.75  1.65  1.6  78.   74.   60.    0.5   0.35  0.2 
   385.680    1.7   1.65  1.55 78.   78.   60.    0.5   0.3   0.25
   386.480    1.7   1.65  1.6  82.   78.   60.    0.5   0.35  0.2 
   386.758    1.8  1.6  1.6 78.  74.  60.   0.5  0.3  0.2
   387.254    1.8   1.65  1.55 78.   82.   60.    0.5   0.35  0.25
   388.295    1.7   1.65  1.55 78.   82.   60.    0.5   0.3   0.3 
   389.263    1.7   1.6   1.55 82.   82.   60.    0.5   0.35  0.3 
   390.248    1.7   1.65  1.6  74.   82.   60.    0.5   0.35  0.2 
   392.561    1.7   1.65  1.6  74.   74.   60.    0.5   0.3   0.25
   393.256    1.8  1.6  1.6 82.  74.  60.   0.5  0.3  0.3
   393.954    1.75  1.65  1.55 82.   82.   60.    0.5   0.35  0.2 
   394.264    1.8   1.55  1.55 82.   82.   60.    0.5   0.35  0.3 
   396.186    1.7   1.65  1.6  82.   74.   60.    0.5   0.3   0.3 
   396.659    1.8   1.65  1.6  78.   74.   60.    0.5   0.35  0.25
   397.146    1.8   1.6   1.6  82.   78.   60.    0.5   0.35  0.3 
   397.765    1.8   1.65  1.6  82.   74.   60.    0.5   0.35  0.2 
   398.386    1.7   1.65  1.5  82.   82.   60.    0.5   0.3   0.25
   398.848    1.8   1.55  1.6  82.   82.   60.    0.5   0.35  0.3 
   400.143    1.7   1.65  1.55 74.   82.   60.    0.5   0.3   0.2 
   400.145    1.75  1.65  1.55 78.   82.   60.    0.5   0.35  0.3 
   400.485    1.75  1.6   1.55 78.   82.   60.    0.5   0.3   0.25
   401.834    1.8   1.65  1.6  74.   78.   60.    0.5   0.35  0.25
   401.842    1.75  1.65  1.55 78.   74.   60.    0.5   0.3   0.2 
   401.888    1.75  1.65  1.5  78.   82.   60.    0.5   0.3   0.2 
   402.910    1.75  1.65  1.6  74.   74.   60.    0.5   0.3   0.3 
   405.497    1.75  1.65  1.5  82.   78.   60.    0.5   0.3   0.3 
   406.042    1.8   1.65  1.6  74.   82.   60.    0.5   0.35  0.25
   411.333    1.8   1.65  1.55 78.   78.   60.    0.5   0.35  0.3 
   412.080    1.8  1.6  1.6 74.  78.  60.   0.5  0.3  0.2
   413.276    1.7   1.6   1.55 82.   82.   60.    0.5   0.3   0.2 
   417.391    1.8   1.65  1.5  82.   78.   60.    0.5   0.3   0.2 
   418.609    1.75  1.65  1.6  74.   78.   60.    0.5   0.35  0.2 
   418.982    1.7   1.55  1.6  82.   82.   60.    0.5   0.3   0.25
   419.297    1.7   1.65  1.6  78.   82.   60.    0.5   0.35  0.3 
   421.658    1.8   1.65  1.5  82.   78.   60.    0.5   0.3   0.25
   422.562    1.8   1.65  1.6  78.   74.   60.    0.5   0.35  0.3 
   423.309    1.8   1.6   1.55 82.   78.   60.    0.5   0.3   0.25
   424.570    1.7   1.6   1.6  82.   82.   60.    0.5   0.35  0.3 
   424.845    1.8   1.65  1.5  82.   82.   60.    0.5   0.35  0.3 
   424.956    1.8  1.6  1.6 74.  82.  60.   0.5  0.3  0.2
   425.000    1.75  1.65  1.55 82.   74.   60.    0.5   0.3   0.2 
   425.730    1.8   1.65  1.6  74.   74.   60.    0.5   0.35  0.2 
   426.964    1.7   1.65  1.6  78.   78.   60.    0.5   0.35  0.2 
   427.573    1.7   1.65  1.5  82.   82.   60.    0.5   0.3   0.2 
   428.141    1.8   1.65  1.6  78.   74.   60.    0.5   0.35  0.2 
   428.278    1.75  1.65  1.55 74.   78.   60.    0.5   0.3   0.2 
   432.597    1.7   1.65  1.55 78.   78.   60.    0.5   0.3   0.2 
   433.685    1.8   1.6   1.6  78.   82.   60.    0.5   0.35  0.3 
   433.913    1.7   1.65  1.6  78.   82.   60.    0.5   0.35  0.25
   434.909    1.8   1.65  1.6  82.   74.   60.    0.5   0.35  0.3 
   435.433    1.75  1.65  1.6  74.   82.   60.    0.5   0.3   0.3 
   437.498    1.8   1.65  1.55 78.   74.   60.    0.5   0.3   0.3 
   439.011    1.75  1.65  1.6  74.   82.   60.    0.5   0.35  0.2 
   442.211    1.75  1.65  1.55 82.   78.   60.    0.5   0.35  0.3 
   442.924    1.7   1.65  1.6  74.   78.   60.    0.5   0.3   0.25
   444.470    1.75  1.65  1.6  74.   78.   60.    0.5   0.3   0.3 
   446.135    1.8   1.65  1.55 74.   74.   60.    0.5   0.3   0.2 
   446.211    1.7   1.65  1.6  74.   82.   60.    0.5   0.3   0.25
   447.598    1.8   1.65  1.5  78.   82.   60.    0.5   0.3   0.2 
   448.306    1.7   1.65  1.6  82.   78.   60.    0.5   0.35  0.3 
   449.885    1.7   1.6   1.6  78.   82.   60.    0.5   0.3   0.25
   451.914    1.7   1.65  1.5  82.   82.   60.    0.5   0.3   0.3 
   452.955    1.7   1.6   1.6  82.   78.   60.    0.5   0.3   0.25
   454.533    1.7   1.65  1.6  74.   74.   60.    0.5   0.3   0.2 
   455.129    1.75  1.65  1.6  78.   78.   60.    0.5   0.35  0.25
   455.913    1.8   1.65  1.55 74.   78.   60.    0.5   0.3   0.25
   456.186    1.8   1.6   1.55 78.   82.   60.    0.5   0.3   0.3 
   456.803    1.75  1.6   1.6  78.   78.   60.    0.5   0.3   0.2 
   456.926    1.8   1.6   1.55 82.   82.   60.    0.5   0.3   0.2 
   464.270    1.75  1.6   1.55 82.   82.   60.    0.5   0.35  0.3 
   465.361    1.8   1.65  1.55 78.   74.   60.    0.5   0.3   0.25
   465.919    1.8   1.65  1.6  74.   78.   60.    0.5   0.35  0.2 
   467.837    1.75  1.65  1.6  82.   78.   60.    0.5   0.35  0.2 
   468.795    1.8   1.65  1.6  74.   82.   60.    0.5   0.35  0.2 
   468.832    1.8   1.55  1.6  82.   78.   60.    0.5   0.3   0.3 
   469.766    1.7   1.65  1.55 82.   78.   60.    0.5   0.3   0.2 
   470.763    1.7   1.65  1.55 82.   82.   60.    0.5   0.35  0.3 
   472.582    1.75  1.6   1.55 82.   78.   60.    0.5   0.3   0.3 
   476.290    1.75  1.6   1.6  78.   78.   60.    0.5   0.3   0.25
   476.847    1.7   1.65  1.6  82.   74.   60.    0.5   0.3   0.25
   478.152    1.7   1.65  1.6  78.   74.   60.    0.5   0.3   0.25
   478.236    1.8   1.65  1.55 74.   82.   60.    0.5   0.3   0.25
   478.548    1.75  1.65  1.55 74.   82.   60.    0.5   0.3   0.2 
   478.798    1.75  1.6   1.6  78.   78.   60.    0.5   0.3   0.3 
   479.963    1.75  1.6   1.55 82.   82.   60.    0.5   0.3   0.2 
   480.887    1.8   1.65  1.6  82.   78.   60.    0.5   0.35  0.2 
   481.850    1.8   1.65  1.5  78.   82.   60.    0.5   0.3   0.25
   482.532    1.75  1.6   1.6  82.   78.   60.    0.5   0.3   0.2 
   486.088    1.7   1.65  1.6  82.   74.   60.    0.5   0.3   0.2 
   487.829    1.8   1.6   1.55 78.   82.   60.    0.5   0.3   0.25
   488.889    1.7   1.55  1.55 82.   82.   60.    0.5   0.3   0.3 
   489.836    1.8   1.65  1.55 82.   74.   60.    0.5   0.3   0.25
   489.960    1.8   1.6   1.55 82.   82.   60.    0.5   0.35  0.3 
   491.598    1.75  1.65  1.6  78.   78.   60.    0.5   0.35  0.2 
   492.026    1.8   1.65  1.55 82.   74.   60.    0.5   0.3   0.3 
   492.229    1.7   1.65  1.55 82.   78.   60.    0.5   0.3   0.25
   495.367    1.75  1.65  1.55 82.   82.   60.    0.5   0.35  0.25
   495.409    1.7   1.65  1.6  78.   74.   60.    0.5   0.3   0.2 
   497.587    1.75  1.65  1.6  82.   78.   60.    0.5   0.35  0.25
   498.905    1.8   1.65  1.55 78.   74.   60.    0.5   0.3   0.2 
   500.946    1.75  1.65  1.5  82.   82.   60.    0.5   0.3   0.2 
   501.164    1.8  1.6  1.6 78.  78.  60.   0.5  0.3  0.2
   505.344    1.8  1.6  1.6 82.  78.  60.   0.5  0.3  0.2
   506.274    1.8   1.65  1.6  78.   78.   60.    0.5   0.35  0.25
   507.322    1.8   1.65  1.55 82.   74.   60.    0.5   0.3   0.2 
   508.631    1.8   1.65  1.6  78.   78.   60.    0.5   0.35  0.2 
   508.672    1.7  1.6  1.6 78.  82.  60.   0.5  0.3  0.2
   508.921    1.75  1.65  1.6  74.   74.   60.    0.5   0.3   0.25
   509.220    1.8   1.65  1.55 74.   78.   60.    0.5   0.3   0.2 
   514.521    1.75  1.55  1.6  82.   82.   60.    0.5   0.3   0.25
   514.534    1.7   1.55  1.6  82.   82.   60.    0.5   0.3   0.3 
   514.703    1.7   1.65  1.6  82.   82.   60.    0.5   0.35  0.2 
   515.384    1.7  1.6  1.6 82.  78.  60.   0.5  0.3  0.3
   515.793    1.8   1.65  1.5  78.   82.   60.    0.5   0.3   0.3 
   521.855    1.8   1.65  1.55 82.   82.   60.    0.5   0.35  0.25
   522.513    1.7   1.65  1.6  82.   82.   60.    0.5   0.35  0.25
   523.016    1.8   1.65  1.55 78.   82.   60.    0.5   0.35  0.3 
   524.526    1.8   1.55  1.6  82.   82.   60.    0.5   0.3   0.25
   524.679    1.8   1.65  1.55 82.   78.   60.    0.5   0.35  0.3 
   527.703    1.75  1.65  1.55 78.   78.   60.    0.5   0.3   0.2 
   530.601    1.8   1.65  1.6  74.   74.   60.    0.5   0.3   0.3 
   533.667    1.8   1.6   1.55 82.   78.   60.    0.5   0.3   0.3 
   533.897    1.75  1.65  1.6  78.   74.   60.    0.5   0.3   0.3 
   534.769    1.7   1.65  1.6  78.   82.   60.    0.5   0.35  0.2 
   535.291    1.7   1.65  1.55 78.   82.   60.    0.5   0.3   0.25
   536.557    1.7   1.65  1.55 82.   78.   60.    0.5   0.3   0.3 
   539.558    1.8   1.65  1.55 74.   82.   60.    0.5   0.3   0.2 
   543.677    1.7   1.6   1.55 82.   82.   60.    0.5   0.3   0.25
   547.343    1.8   1.65  1.5  82.   82.   60.    0.5   0.3   0.2 
   548.678    1.8   1.65  1.5  82.   78.   60.    0.5   0.3   0.3 
   549.702    1.75  1.65  1.55 78.   78.   60.    0.5   0.3   0.3 
   550.877    1.7   1.65  1.6  78.   78.   60.    0.5   0.3   0.3 
   553.380    1.75  1.65  1.6  78.   78.   60.    0.5   0.35  0.3 
   561.217    1.7   1.65  1.6  74.   78.   60.    0.5   0.3   0.2 
   561.958    1.75  1.65  1.6  74.   78.   60.    0.5   0.3   0.25
   564.253    1.75  1.6   1.6  82.   82.   60.    0.5   0.35  0.3 
   564.403    1.7   1.65  1.55 78.   82.   60.    0.5   0.3   0.2 
   565.519    1.75  1.6   1.6  78.   82.   60.    0.5   0.3   0.3 
   568.060    1.75  1.65  1.6  74.   74.   60.    0.5   0.3   0.2 
   570.092    1.75  1.65  1.55 78.   78.   60.    0.5   0.3   0.25
   570.824    1.75  1.65  1.55 82.   78.   60.    0.5   0.3   0.2 
   577.892    1.8   1.6   1.6  78.   78.   60.    0.5   0.3   0.25
   579.068    1.75  1.65  1.5  82.   82.   60.    0.5   0.3   0.25
   581.392    1.8   1.65  1.6  78.   82.   60.    0.5   0.35  0.2 
   582.172    1.75  1.65  1.6  78.   82.   60.    0.5   0.35  0.25
   582.837    1.75  1.6   1.5  82.   82.   60.    0.5   0.3   0.3 
   590.722    1.7   1.6   1.55 82.   82.   60.    0.5   0.3   0.3 
   591.723    1.75  1.65  1.6  78.   82.   60.    0.5   0.35  0.2 
   592.471    1.8   1.65  1.6  82.   78.   60.    0.5   0.35  0.25
   593.095    1.75  1.65  1.6  74.   82.   60.    0.5   0.3   0.25
   595.596    1.75  1.65  1.6  78.   74.   60.    0.5   0.3   0.25
   600.153    1.8   1.65  1.6  82.   82.   60.    0.5   0.35  0.2 
   604.344    1.75  1.55  1.5  82.   82.   60.    0.5   0.3   0.3 
   604.951    1.8   1.6   1.6  82.   82.   60.    0.5   0.35  0.3 
   607.367    1.7  1.6  1.6 82.  82.  60.   0.5  0.3  0.2
   608.096    1.75  1.65  1.6  82.   74.   60.    0.5   0.3   0.2 
   611.232    1.7   1.65  1.6  78.   78.   60.    0.5   0.3   0.25
   613.068    1.7   1.65  1.6  82.   82.   60.    0.5   0.35  0.3 
   613.152    1.75  1.65  1.6  78.   74.   60.    0.5   0.3   0.2 
   613.742    1.8   1.65  1.55 78.   78.   60.    0.5   0.3   0.2 
   614.756    1.75  1.65  1.6  82.   74.   60.    0.5   0.3   0.3 
   616.241    1.75  1.65  1.6  82.   82.   60.    0.5   0.35  0.2 
   617.091    1.7   1.65  1.6  74.   82.   60.    0.5   0.3   0.2 
   619.773    1.75  1.6   1.6  78.   82.   60.    0.5   0.3   0.2 
   622.852    1.8   1.65  1.6  74.   74.   60.    0.5   0.3   0.25
   625.130    1.7   1.65  1.6  78.   82.   60.    0.5   0.3   0.3 
   625.231    1.8   1.65  1.6  78.   82.   60.    0.5   0.35  0.25
   626.562    1.8  1.6  1.6 78.  82.  60.   0.5  0.3  0.2
   628.933    1.75  1.6   1.6  82.   78.   60.    0.5   0.3   0.25
   630.438    1.8   1.65  1.6  74.   82.   60.    0.5   0.3   0.3 
   634.772    1.75  1.6   1.6  78.   82.   60.    0.5   0.3   0.25
   634.878    1.8  1.6  1.6 78.  78.  60.   0.5  0.3  0.3
   637.654    1.8   1.65  1.6  74.   78.   60.    0.5   0.3   0.3 
   641.591    1.75  1.65  1.55 78.   82.   60.    0.5   0.3   0.3 
   654.340    1.7   1.65  1.6  78.   78.   60.    0.5   0.3   0.2 
   658.775    1.75  1.65  1.6  78.   82.   60.    0.5   0.35  0.3 
   661.804    1.75  1.65  1.6  82.   74.   60.    0.5   0.3   0.25
   664.484    1.7   1.65  1.6  82.   78.   60.    0.5   0.3   0.2 
   666.262    1.75  1.65  1.6  74.   78.   60.    0.5   0.3   0.2 
   666.702    1.8   1.65  1.55 82.   78.   60.    0.5   0.3   0.2 
   681.472    1.8   1.65  1.6  74.   74.   60.    0.5   0.3   0.2 
   682.606    1.75  1.65  1.6  82.   82.   60.    0.5   0.35  0.25
   685.755    1.7   1.65  1.55 82.   82.   60.    0.5   0.3   0.2 
   686.249    1.7   1.65  1.55 82.   82.   60.    0.5   0.3   0.3 
   688.193    1.75  1.65  1.55 78.   82.   60.    0.5   0.3   0.2 
   694.204    1.8   1.65  1.5  82.   82.   60.    0.5   0.3   0.25
   696.944    1.75  1.65  1.6  82.   78.   60.    0.5   0.35  0.3 
   697.105    1.8   1.6   1.6  82.   78.   60.    0.5   0.3   0.25
   699.977    1.8  1.6  1.6 78.  82.  60.   0.5  0.3  0.3
   702.818    1.8   1.6   1.55 82.   82.   60.    0.5   0.3   0.25
   704.868    1.75  1.6   1.55 82.   82.   60.    0.5   0.3   0.25
   707.485    1.75  1.65  1.55 82.   82.   60.    0.5   0.35  0.3 
   709.700    1.8   1.65  1.6  78.   78.   60.    0.5   0.35  0.3 
   711.385    1.8   1.65  1.6  82.   74.   60.    0.5   0.3   0.2 
   723.065    1.75  1.65  1.5  82.   82.   60.    0.5   0.3   0.3 
   723.785    1.8  1.6  1.6 82.  82.  60.   0.5  0.3  0.2
   727.099    1.8   1.65  1.6  78.   74.   60.    0.5   0.3   0.2 
   730.071    1.75  1.6   1.6  82.   78.   60.    0.5   0.3   0.3 
   732.735    1.8   1.65  1.6  74.   78.   60.    0.5   0.3   0.25
   734.001    1.75  1.65  1.6  74.   82.   60.    0.5   0.3   0.2 
   736.207    1.75  1.6   1.6  82.   82.   60.    0.5   0.3   0.2 
   739.321    1.8   1.6   1.6  78.   82.   60.    0.5   0.3   0.25
   740.612    1.8   1.65  1.6  78.   74.   60.    0.5   0.3   0.25
   742.072    1.7   1.6   1.6  82.   82.   60.    0.5   0.3   0.25
   743.464    1.7  1.6  1.6 82.  82.  60.   0.5  0.3  0.3
   746.791    1.8   1.65  1.55 78.   78.   60.    0.5   0.3   0.25
   755.131    1.7   1.65  1.6  82.   78.   60.    0.5   0.3   0.3 
   755.608    1.8   1.65  1.6  82.   82.   60.    0.5   0.35  0.25
   758.289    1.7   1.65  1.6  78.   82.   60.    0.5   0.3   0.25
   760.021    1.8   1.65  1.6  74.   78.   60.    0.5   0.3   0.2 
   767.103    1.8   1.65  1.6  78.   82.   60.    0.5   0.35  0.3 
   768.929    1.75  1.65  1.6  78.   78.   60.    0.5   0.3   0.2 
   772.620    1.75  1.65  1.55 82.   78.   60.    0.5   0.3   0.25
   775.716    1.75  1.65  1.55 78.   82.   60.    0.5   0.3   0.25
   777.119    1.8   1.65  1.55 78.   82.   60.    0.5   0.3   0.2 
   779.367    1.8   1.65  1.6  74.   82.   60.    0.5   0.3   0.25
   780.474    1.7   1.65  1.6  82.   78.   60.    0.5   0.3   0.25
   782.952    1.75  1.65  1.55 82.   78.   60.    0.5   0.3   0.3 
   783.096    1.8   1.65  1.55 78.   78.   60.    0.5   0.3   0.3 
   788.051    1.8   1.65  1.6  78.   74.   60.    0.5   0.3   0.3 
   791.337    1.8   1.65  1.55 82.   82.   60.    0.5   0.35  0.3 
   799.620    1.7   1.65  1.55 82.   82.   60.    0.5   0.3   0.25
   806.786    1.8   1.65  1.6  74.   82.   60.    0.5   0.3   0.2 
   809.341    1.8   1.65  1.6  82.   74.   60.    0.5   0.3   0.25
   810.027    1.75  1.55  1.6  82.   82.   60.    0.5   0.3   0.3 
   823.142    1.7   1.65  1.6  78.   82.   60.    0.5   0.3   0.2 
   825.692    1.8   1.65  1.6  82.   78.   60.    0.5   0.35  0.3 
   848.086    1.75  1.65  1.55 82.   82.   60.    0.5   0.3   0.2 
   852.647    1.8  1.6  1.6 82.  78.  60.   0.5  0.3  0.3
   862.735    1.8   1.65  1.6  82.   74.   60.    0.5   0.3   0.3 
   867.229    1.75  1.65  1.6  82.   78.   60.    0.5   0.3   0.2 
   870.886    1.75  1.55  1.55 82.   82.   60.    0.5   0.3   0.3 
   884.204    1.75  1.65  1.6  78.   78.   60.    0.5   0.3   0.25
   889.702    1.8   1.65  1.6  78.   78.   60.    0.5   0.3   0.2 
   897.819    1.7   1.65  1.6  82.   82.   60.    0.5   0.3   0.3 
   898.988    1.8   1.65  1.55 82.   78.   60.    0.5   0.3   0.25
   907.682    1.75  1.65  1.6  82.   82.   60.    0.5   0.35  0.3 
   908.228    1.75  1.65  1.6  78.   78.   60.    0.5   0.3   0.3 
   912.870    1.8   1.65  1.55 78.   82.   60.    0.5   0.3   0.3 
   918.277    1.75  1.6   1.55 82.   82.   60.    0.5   0.3   0.3 
   921.278    1.8   1.65  1.55 78.   82.   60.    0.5   0.3   0.25
   925.757    1.8   1.65  1.55 82.   82.   60.    0.5   0.3   0.2 
   936.988    1.75  1.6   1.6  82.   82.   60.    0.5   0.3   0.25
   954.429    1.7   1.65  1.6  82.   82.   60.    0.5   0.3   0.2 
   965.361    1.8  1.6  1.5 82.  82.  60.   0.5  0.3  0.3
   975.719    1.75  1.65  1.6  78.   82.   60.    0.5   0.3   0.3 
   998.592    1.8   1.65  1.55 82.   78.   60.    0.5   0.3   0.3 
  1005.947    1.75  1.65  1.6  78.   82.   60.    0.5   0.3   0.2 
  1008.811    1.7   1.65  1.6  82.   82.   60.    0.5   0.3   0.25
  1009.866    1.8   1.65  1.6  82.   78.   60.    0.5   0.3   0.2 
  1011.087    1.8   1.6   1.6  82.   82.   60.    0.5   0.3   0.25
  1027.881    1.8   1.65  1.5  82.   82.   60.    0.5   0.3   0.3 
  1073.841    1.75  1.65  1.55 82.   82.   60.    0.5   0.3   0.25
  1077.295    1.8   1.65  1.6  82.   82.   60.    0.5   0.35  0.3 
  1099.184    1.75  1.65  1.6  82.   78.   60.    0.5   0.3   0.3 
  1110.082    1.75  1.65  1.6  82.   78.   60.    0.5   0.3   0.25
  1122.449    1.8   1.65  1.6  78.   82.   60.    0.5   0.3   0.2 
  1124.193    1.8   1.65  1.6  78.   78.   60.    0.5   0.3   0.3 
  1127.786    1.75  1.65  1.6  78.   82.   60.    0.5   0.3   0.25
  1127.882    1.8   1.65  1.6  78.   78.   60.    0.5   0.3   0.25
  1130.963    1.8   1.55  1.5  82.   82.   60.    0.5   0.3   0.3 
  1202.663    1.75  1.65  1.6  82.   82.   60.    0.5   0.3   0.2 
  1222.855    1.75  1.65  1.55 82.   82.   60.    0.5   0.3   0.3 
  1233.857    1.8   1.65  1.55 82.   82.   60.    0.5   0.3   0.25
  1241.895    1.8   1.65  1.6  78.   82.   60.    0.5   0.3   0.3 
  1262.987    1.8   1.65  1.6  78.   82.   60.    0.5   0.3   0.25
  1263.237    1.8   1.65  1.6  82.   78.   60.    0.5   0.3   0.25
  1280.419    1.75  1.6   1.6  82.   82.   60.    0.5   0.3   0.3 
  1310.097    1.75  1.65  1.6  82.   82.   60.    0.5   0.3   0.25
  1317.705    1.8   1.65  1.6  82.   82.   60.    0.5   0.3   0.2 
  1379.898    1.8   1.65  1.6  82.   78.   60.    0.5   0.3   0.3 
  1451.255    1.75  1.65  1.6  82.   82.   60.    0.5   0.3   0.3 
  1535.205    1.8   1.65  1.6  82.   82.   60.    0.5   0.3   0.25
  1711.846    1.8   1.55  1.6  82.   82.   60.    0.5   0.3   0.3 
  1885.067    1.8   1.6   1.55 82.   82.   60.    0.5   0.3   0.3 
  1962.647    1.8   1.65  1.55 82.   82.   60.    0.5   0.3   0.3 
  2145.224    1.8   1.55  1.55 82.   82.   60.    0.5   0.3   0.3 
  2773.942    1.8   1.65  1.6  82.   82.   60.    0.5   0.3   0.3 
  3085.480    1.8  1.6  1.6 82.  82.  60.   0.5  0.3  0.3
